1 1 0.0 0.0 0
2 2 0.0 0.0 0
3 3 0.0 0.0 0
4 4 0.0 0.0 0
5 5 0.0 0.0 0
6 6 0.0 0.0 0
7 7 0.0 0.0 0
8 8 0.0 0.0 1
9 9 0.0 0.0 3
10 10 0.0 0.0 3
11 11 0.0 0.0 3
12 12 0.0 0.0 0
13 13 0.0 0.0 0
14 14 0.0 0.0 0
15 15 0.0 0.0 0
16 16 0.0 0.0 0
17 17 0.0 0.0 0
18 18 0.0 0.0 3
19 19 0.0 0.0 0
20 20 0.0 0.0 0
21 21 0.0 0.0 0
22 22 0.0 0.0 0
23 23 0.0 0.0 0
24 24 0.0 0.0 0
25 25 0.0 0.0 0
26 26 0.0 0.0 0
27 27 0.0 0.0 0
28 28 0.0 0.0 2
29 29 0.0 0.0 2
30 30 0.0 0.0 0
31 31 0.0 0.0 0
32 32 0.0 0.0 0
33 33 0.0 0.0 0
34 34 0.0 0.0 2
35 35 0.0 0.0 2
36 36 0.0 0.0 0
37 37 0.0 0.0 0
38 38 0.0 0.0 0
39 39 1.0 1.0 0
40 40 0.0 1.0 0
41 41 0.0 1.0 2
42 42 0.0 1.0 0
43 43 0.0 1.0 0
44 44 0.0 1.0 0
45 45 0.0 1.0 0
46 46 0.0 1.0 0
47 47 0.0 1.0 0
48 48 0.0 1.0 0
49 49 0.0 1.0 0
50 50 0.0 1.0 0
51 51 0.0 1.0 0
52 52 0.0 1.0 0
53 53 0.0 1.0 0
54 54 0.0 1.0 0
55 55 0.0 1.0 0
56 56 0.0 1.0 0
57 57 0.0 1.0 0
58 58 0.0 1.0 0
59 59 0.0 1.0 3
60 60 0.0 1.0 0
61 61 0.0 1.0 0
62 62 0.0 1.0 0
63 63 0.0 1.0 3
64 64 0.0 1.0 0
65 65 0.0 1.0 0
66 66 0.0 1.0 0
67 67 0.0 1.0 0
68 68 0.0 1.0 0
69 69 0.0 1.0 0
70 70 0.0 1.0 0
71 71 0.0 1.0 0
72 72 0.0 1.0 0
73 73 0.0 1.0 0
74 74 0.0 1.0 0
75 75 0.0 1.0 0
76 76 0.0 1.0 0
77 77 0.0 1.0 0
78 78 1.0 2.0 0
79 79 0.0 2.0 0
80 80 0.0 2.0 0
81 81 0.0 2.0 0
82 82 0.0 2.0 0
83 83 0.0 2.0 2
84 84 0.0 2.0 2
85 85 0.0 2.0 0
86 86 0.0 2.0 0
87 87 0.0 2.0 0
88 88 0.0 2.0 0
89 89 0.0 2.0 0
90 90 0.0 2.0 2
91 91 0.0 2.0 0
92 92 0.0 2.0 0
93 93 0.0 2.0 3
94 94 0.0 2.0 0
95 95 0.0 2.0 0
96 96 0.0 2.0 2
97 97 0.0 2.0 0
98 98 0.0 2.0 0
99 99 0.0 2.0 3
100 100 0.0 2.0 0
101 101 0.0 2.0 0
102 102 0.0 2.0 0
103 103 0.0 2.0 0
104 104 0.0 2.0 0
105 105 0.0 2.0 0
106 106 0.0 2.0 3
107 107 0.0 2.0 3
108 108 0.0 2.0 0
109 109 0.0 2.0 0
110 110 0.0 2.0 0
111 111 0.0 2.0 0
112 112 0.0 2.0 0
113 113 0.0 2.0 0
114 114 0.0 2.0 0
115 115 0.0 2.0 0
116 116 0.0 2.0 0
117 117 1.0 3.0 0
118 118 0.0 3.0 0
119 119 0.0 3.0 0
120 120 0.0 3.0 3
121 121 0.0 3.0 0
122 122 0.0 3.0 0
123 123 0.0 3.0 0
124 124 0.0 3.0 0
125 125 0.0 3.0 0
126 126 0.0 3.0 0
127 127 0.0 3.0 0
128 128 0.0 3.0 0
129 129 0.0 3.0 0
130 130 0.0 3.0 0
131 131 0.0 3.0 3
132 132 0.0 3.0 0
133 133 0.0 3.0 0
134 134 0.0 3.0 0
135 135 0.0 3.0 2
136 136 0.0 3.0 0
137 137 0.0 3.0 0
138 138 0.0 3.0 0
139 139 0.0 3.0 0
140 140 0.0 3.0 0
141 141 0.0 3.0 2
142 142 0.0 3.0 0
143 143 0.0 3.0 0
144 144 0.0 3.0 0
145 145 0.0 3.0 0
146 146 1.0 4.0 0
147 147 0.0 4.0 0
148 148 0.0 4.0 0
149 149 0.0 4.0 0
150 150 0.0 4.0 0
151 151 0.0 4.0 2
152 152 0.0 4.0 0
153 153 0.0 4.0 0
154 154 0.0 4.0 0
155 155 0.0 4.0 0
156 156 0.0 4.0 0
157 157 0.0 4.0 0
158 158 0.0 4.0 0
159 159 0.0 4.0 0
160 160 0.0 4.0 0
161 161 0.0 4.0 3
162 162 0.0 4.0 3
163 163 0.0 4.0 0
164 164 0.0 4.0 0
165 165 0.0 4.0 0
166 166 0.0 4.0 0
167 167 0.0 4.0 0
168 168 0.0 4.0 0
169 169 0.0 4.0 0
170 170 1.0 5.0 0
171 171 0.0 5.0 0
172 172 0.0 5.0 0
173 173 0.0 5.0 0
174 174 0.0 5.0 0
175 175 0.0 5.0 0
176 176 0.0 5.0 0
177 177 0.0 5.0 0
178 178 0.0 5.0 0
179 179 0.0 5.0 0
180 180 0.0 5.0 3
181 181 0.0 5.0 0
182 182 0.0 5.0 0
183 183 0.0 5.0 0
184 184 0.0 5.0 0
185 185 0.0 5.0 2
186 186 0.0 5.0 2
187 187 0.0 5.0 0
188 188 0.0 5.0 0
189 189 0.0 5.0 0
190 190 0.0 5.0 0
191 191 0.0 5.0 0
192 192 0.0 5.0 0
193 193 0.0 5.0 0
194 194 0.0 5.0 0
195 195 1.0 6.0 2
196 196 0.0 6.0 0
197 197 0.0 6.0 0
198 198 0.0 6.0 0
199 199 0.0 6.0 0
200 200 0.0 6.0 0
201 201 0.0 6.0 0
202 202 0.0 6.0 0
203 203 0.0 6.0 0
204 204 0.0 6.0 0
205 205 0.0 6.0 0
206 206 0.0 6.0 0
207 207 0.0 6.0 0
208 208 0.0 6.0 0
209 209 0.0 6.0 0
210 210 0.0 6.0 0
211 211 0.0 6.0 0
212 212 0.0 6.0 0
213 213 0.0 6.0 0
214 214 0.0 6.0 0
215 215 0.0 6.0 0
216 216 0.0 6.0 0
217 217 0.0 6.0 2
218 218 0.0 6.0 0
219 219 1.0 7.0 0
220 220 0.0 7.0 0
221 221 0.0 7.0 0
222 222 0.0 7.0 0
223 223 0.0 7.0 0
224 224 0.0 7.0 2
225 225 0.0 7.0 0
226 226 0.0 7.0 0
227 227 0.0 7.0 0
228 228 0.0 7.0 0
229 229 0.0 7.0 0
230 230 0.0 7.0 0
231 231 0.0 7.0 0
232 232 0.0 7.0 0
233 233 0.0 7.0 0
234 234 0.0 7.0 3
235 235 0.0 7.0 3
236 236 0.0 7.0 3
237 237 0.0 7.0 3
238 238 0.0 7.0 0
239 239 0.0 7.0 0
240 240 0.0 7.0 0
241 241 0.0 7.0 0
242 242 0.0 7.0 0
243 243 0.0 7.0 0
244 244 0.0 7.0 0
245 245 0.0 7.0 0
246 246 0.0 7.0 2
247 247 0.0 7.0 2
248 248 0.0 7.0 0
249 249 0.0 7.0 0
250 250 0.0 7.0 0
251 251 0.0 7.0 0
252 252 0.0 7.0 0
253 253 0.0 7.0 0
254 254 1.0 8.0 0
255 255 0.0 8.0 0
256 256 0.0 8.0 0
257 257 0.0 8.0 0
258 258 0.0 8.0 0
259 259 0.0 8.0 0
260 260 0.0 8.0 0
261 261 0.0 8.0 0
262 262 0.0 8.0 0
263 263 0.0 8.0 0
264 264 0.0 8.0 0
265 265 0.0 8.0 0
266 266 0.0 8.0 0
267 267 0.0 8.0 0
268 268 0.0 8.0 0
269 269 0.0 8.0 0
270 270 0.0 8.0 0
271 271 0.0 8.0 3
272 272 0.0 8.0 0
273 273 0.0 8.0 0
274 274 0.0 8.0 0
275 275 0.0 8.0 0
276 276 0.0 8.0 3
277 277 0.0 8.0 0
278 278 0.0 8.0 0
279 279 0.0 8.0 0
280 280 0.0 8.0 2
281 281 0.0 8.0 0
282 282 0.0 8.0 0
283 283 0.0 8.0 0
284 284 0.0 8.0 0
285 285 0.0 8.0 0
286 286 0.0 8.0 0
287 287 0.0 8.0 0
288 288 0.0 8.0 0
289 289 0.0 8.0 0
290 290 0.0 8.0 0
291 291 0.0 8.0 0
292 292 0.0 8.0 0
293 293 0.0 8.0 0
294 294 0.0 8.0 0
295 295 0.0 8.0 0
296 296 0.0 8.0 0
297 297 0.0 8.0 0
298 298 0.0 8.0 0
299 299 0.0 8.0 0
300 300 0.0 8.0 0
301 301 1.0 9.0 0
302 302 0.0 9.0 0
303 303 0.0 9.0 0
304 304 0.0 9.0 0
305 305 0.0 9.0 0
306 306 0.0 9.0 0
307 307 0.0 9.0 2
308 308 0.0 9.0 0
309 309 0.0 9.0 0
310 310 0.0 9.0 0
311 311 0.0 9.0 0
312 312 0.0 9.0 0
313 313 0.0 9.0 0
314 314 0.0 9.0 0
315 315 0.0 9.0 2
316 316 0.0 9.0 0
317 317 0.0 9.0 0
318 318 0.0 9.0 0
319 319 0.0 9.0 0
320 320 0.0 9.0 0
321 321 0.0 9.0 2
322 322 0.0 9.0 0
323 323 0.0 9.0 0
324 324 0.0 9.0 0
325 325 0.0 9.0 0
326 326 0.0 9.0 0
327 327 0.0 9.0 3
328 328 0.0 9.0 3
329 329 0.0 9.0 3
330 330 0.0 9.0 0
331 331 0.0 9.0 0
332 332 0.0 9.0 0
333 333 0.0 9.0 0
334 334 0.0 9.0 0
335 335 0.0 9.0 0
336 336 0.0 9.0 0
337 337 0.0 9.0 0
338 338 0.0 9.0 0
339 339 0.0 9.0 0
340 340 0.0 9.0 0
341 341 0.0 9.0 0
342 342 0.0 9.0 0
343 343 0.0 9.0 0
344 344 0.0 9.0 0
345 345 0.0 9.0 0
346 346 0.0 9.0 0
347 347 0.0 9.0 0
348 348 0.0 9.0 0
349 349 1.0 10.0 0
350 350 0.0 10.0 0
351 351 0.0 10.0 0
352 352 0.0 10.0 0
353 353 0.0 10.0 0
354 354 0.0 10.0 0
355 355 0.0 10.0 0
356 356 0.0 10.0 0
357 357 0.0 10.0 0
358 358 0.0 10.0 0
359 359 0.0 10.0 0
360 360 0.0 10.0 0
361 361 0.0 10.0 0
362 362 0.0 10.0 0
363 363 0.0 10.0 3
364 364 0.0 10.0 0
365 365 0.0 10.0 0
366 366 0.0 10.0 0
367 367 0.0 10.0 0
368 368 0.0 10.0 0
369 369 0.0 10.0 0
370 370 0.0 10.0 0
371 371 0.0 10.0 0
372 372 0.0 10.0 3
373 373 0.0 10.0 0
374 374 0.0 10.0 0
375 375 0.0 10.0 0
376 376 0.0 10.0 0
377 377 0.0 10.0 2
378 378 0.0 10.0 0
379 379 0.0 10.0 0
380 380 0.0 10.0 0
381 381 0.0 10.0 0
382 382 0.0 10.0 0
383 383 0.0 10.0 0
384 384 0.0 10.0 0
385 385 0.0 10.0 0
386 386 0.0 10.0 0
387 387 0.0 10.0 0
388 388 0.0 10.0 0
389 389 0.0 10.0 0
390 390 0.0 10.0 0
391 391 0.0 10.0 0
392 392 0.0 10.0 0
393 393 0.0 10.0 0
394 394 0.0 10.0 0
395 395 0.0 10.0 0
396 396 0.0 10.0 0
397 397 1.0 11.0 0
398 398 0.0 11.0 0
399 399 0.0 11.0 0
400 400 0.0 11.0 0
401 401 0.0 11.0 0
402 402 0.0 11.0 0
403 403 0.0 11.0 0
404 404 0.0 11.0 0
405 405 0.0 11.0 0
406 406 0.0 11.0 0
407 407 0.0 11.0 0
408 408 0.0 11.0 0
409 409 0.0 11.0 2
410 410 0.0 11.0 0
411 411 0.0 11.0 0
412 412 0.0 11.0 0
413 413 0.0 11.0 0
414 414 0.0 11.0 2
415 415 0.0 11.0 2
416 416 0.0 11.0 0
417 417 0.0 11.0 0
418 418 0.0 11.0 0
419 419 0.0 11.0 0
420 420 0.0 11.0 0
421 421 0.0 11.0 0
422 422 0.0 11.0 0
423 423 0.0 11.0 0
424 424 0.0 11.0 3
425 425 0.0 11.0 3
426 426 0.0 11.0 0
427 427 0.0 11.0 0
428 428 0.0 11.0 0
429 429 0.0 11.0 0
430 430 0.0 11.0 0
431 431 0.0 11.0 0
432 432 1.0 12.0 0
433 433 0.0 12.0 0
434 434 0.0 12.0 0
435 435 0.0 12.0 0
436 436 0.0 12.0 0
437 437 0.0 12.0 0
438 438 0.0 12.0 0
439 439 0.0 12.0 0
440 440 0.0 12.0 0
441 441 0.0 12.0 0
442 442 0.0 12.0 0
443 443 0.0 12.0 0
444 444 0.0 12.0 0
445 445 0.0 12.0 0
446 446 0.0 12.0 0
447 447 0.0 12.0 0
448 448 0.0 12.0 0
449 449 0.0 12.0 0
450 450 0.0 12.0 0
451 451 0.0 12.0 0
452 452 0.0 12.0 0
453 453 0.0 12.0 0
454 454 0.0 12.0 0
455 455 0.0 12.0 0
456 456 0.0 12.0 0
457 457 1.0 13.0 0
458 458 0.0 13.0 0
459 459 0.0 13.0 0
460 460 0.0 13.0 0
461 461 0.0 13.0 0
462 462 0.0 13.0 2
463 463 0.0 13.0 0
464 464 0.0 13.0 0
465 465 0.0 13.0 2
466 466 0.0 13.0 2
467 467 0.0 13.0 0
468 468 0.0 13.0 0
469 469 0.0 13.0 0
470 470 0.0 13.0 3
471 471 0.0 13.0 3
472 472 0.0 13.0 3
473 473 0.0 13.0 0
474 474 0.0 13.0 0
475 475 0.0 13.0 0
476 476 0.0 13.0 0
477 477 0.0 13.0 0
478 478 0.0 13.0 0
479 479 0.0 13.0 0
480 480 0.0 13.0 0
481 481 0.0 13.0 0
482 482 0.0 13.0 0
483 483 0.0 13.0 0
484 484 4.0 17.0 0
485 485 0.0 17.0 0
486 486 0.0 17.0 0
487 487 0.0 17.0 0
488 488 0.0 17.0 0
489 489 0.0 17.0 0
490 490 0.0 17.0 0
491 491 0.0 17.0 0
492 492 0.0 17.0 0
493 493 0.0 17.0 0
494 494 0.0 17.0 0
495 495 0.0 17.0 0
496 496 0.0 17.0 0
497 497 0.0 17.0 0
498 498 0.0 17.0 0
499 499 0.0 17.0 0
500 500 0.0 17.0 0
501 501 0.0 17.0 0
502 502 0.0 17.0 0
503 503 0.0 17.0 0
504 504 0.0 17.0 0
505 505 0.0 17.0 0
506 506 0.0 17.0 0
507 507 0.0 17.0 0
508 508 0.0 17.0 0
509 509 0.0 17.0 0
510 510 1.0 18.0 0
511 511 0.0 18.0 0
512 512 0.0 18.0 0
513 513 0.0 18.0 3
514 514 0.0 18.0 3
515 515 0.0 18.0 0
516 516 0.0 18.0 0
517 517 0.0 18.0 0
518 518 0.0 18.0 0
519 519 0.0 18.0 0
520 520 0.0 18.0 3
521 521 0.0 18.0 0
522 522 0.0 18.0 0
523 523 0.0 18.0 0
524 524 0.0 18.0 2
525 525 0.0 18.0 2
526 526 0.0 18.0 2
527 527 0.0 18.0 0
528 528 0.0 18.0 0
529 529 0.0 18.0 0
530 530 0.0 18.0 0
531 531 0.0 18.0 0
532 532 0.0 18.0 0
533 533 0.0 18.0 0
534 534 0.0 18.0 0
535 535 4.0 22.0 0
536 536 0.0 22.0 0
537 537 0.0 22.0 0
538 538 0.0 22.0 0
539 539 0.0 22.0 0
540 540 0.0 22.0 0
541 541 0.0 22.0 2
542 542 0.0 22.0 0
543 543 0.0 22.0 0
544 544 0.0 22.0 0
545 545 0.0 22.0 3
546 546 0.0 22.0 0
547 547 0.0 22.0 0
548 548 0.0 22.0 3
549 549 0.0 22.0 0
550 550 0.0 22.0 0
551 551 0.0 22.0 0
552 552 0.0 22.0 0
553 553 0.0 22.0 0
554 554 0.0 22.0 0
555 555 0.0 22.0 0
556 556 0.0 22.0 0
557 557 0.0 22.0 0
558 558 0.0 22.0 0
559 559 0.0 22.0 0
560 560 0.0 22.0 0
561 561 1.0 23.0 0
562 562 0.0 23.0 0
563 563 0.0 23.0 0
564 564 0.0 23.0 0
565 565 0.0 23.0 0
566 566 0.0 23.0 0
567 567 0.0 23.0 3
568 568 0.0 23.0 0
569 569 0.0 23.0 0
570 570 0.0 23.0 0
571 571 0.0 23.0 0
572 572 0.0 23.0 0
573 573 0.0 23.0 3
574 574 0.0 23.0 0
575 575 0.0 23.0 0
576 576 0.0 23.0 2
577 577 0.0 23.0 2
578 578 0.0 23.0 0
579 579 0.0 23.0 0
580 580 0.0 23.0 0
581 581 0.0 23.0 0
582 582 0.0 23.0 0
583 583 0.0 23.0 0
584 584 0.0 23.0 0
585 585 0.0 23.0 0
586 586 0.0 23.0 0
587 587 4.0 27.0 0
588 588 0.0 27.0 0
589 589 0.0 27.0 0
590 590 0.0 27.0 0
591 591 0.0 27.0 0
592 592 0.0 27.0 0
593 593 0.0 27.0 0
594 594 0.0 27.0 0
595 595 0.0 27.0 0
596 596 0.0 27.0 0
597 597 0.0 27.0 0
598 598 0.0 27.0 0
599 599 0.0 27.0 0
600 600 0.0 27.0 0
601 601 0.0 27.0 0
602 602 0.0 27.0 0
603 603 0.0 27.0 0
604 604 0.0 27.0 0
605 605 0.0 27.0 0
606 606 0.0 27.0 0
607 607 0.0 27.0 0
608 608 0.0 27.0 0
609 609 0.0 27.0 0
610 610 0.0 27.0 0
611 611 0.0 27.0 0
612 612 1.0 28.0 0
613 613 0.0 28.0 0
614 614 0.0 28.0 0
615 615 0.0 28.0 0
616 616 0.0 28.0 0
617 617 0.0 28.0 0
618 618 0.0 28.0 0
619 619 0.0 28.0 0
620 620 0.0 28.0 0
621 621 0.0 28.0 0
622 622 0.0 28.0 0
623 623 0.0 28.0 3
624 624 0.0 28.0 0
625 625 0.0 28.0 0
626 626 0.0 28.0 2
627 627 0.0 28.0 2
628 628 0.0 28.0 0
629 629 0.0 28.0 0
630 630 0.0 28.0 0
631 631 0.0 28.0 0
632 632 0.0 28.0 0
633 633 0.0 28.0 0
634 634 0.0 28.0 0
635 635 0.0 28.0 0
636 636 1.0 29.0 0
637 637 0.0 29.0 0
638 638 0.0 29.0 0
639 639 0.0 29.0 0
640 640 0.0 29.0 0
641 641 0.0 29.0 0
642 642 0.0 29.0 3
643 643 0.0 29.0 0
644 644 0.0 29.0 0
645 645 0.0 29.0 0
646 646 0.0 29.0 0
647 647 0.0 29.0 0
648 648 0.0 29.0 0
649 649 0.0 29.0 3
650 650 0.0 29.0 0
651 651 0.0 29.0 0
652 652 0.0 29.0 0
653 653 0.0 29.0 2
654 654 0.0 29.0 2
655 655 0.0 29.0 0
656 656 0.0 29.0 0
657 657 0.0 29.0 0
658 658 0.0 29.0 0
659 659 0.0 29.0 0
660 660 0.0 29.0 0
661 661 0.0 29.0 0
662 662 1.0 30.0 0
663 663 0.0 30.0 0
664 664 0.0 30.0 0
665 665 0.0 30.0 2
666 666 0.0 30.0 0
667 667 0.0 30.0 0
668 668 0.0 30.0 2
669 669 0.0 30.0 0
670 670 0.0 30.0 0
671 671 0.0 30.0 2
672 672 0.0 30.0 0
673 673 0.0 30.0 3
674 674 0.0 30.0 0
675 675 0.0 30.0 0
676 676 0.0 30.0 0
677 677 0.0 30.0 3
678 678 0.0 30.0 0
679 679 0.0 30.0 0
680 680 0.0 30.0 0
681 681 0.0 30.0 0
682 682 0.0 30.0 0
683 683 0.0 30.0 3
684 684 0.0 30.0 0
685 685 0.0 30.0 0
686 686 0.0 30.0 0
687 687 4.0 34.0 0
688 688 0.0 34.0 0
689 689 0.0 34.0 0
690 690 0.0 34.0 0
691 691 0.0 34.0 0
692 692 0.0 34.0 0
693 693 0.0 34.0 0
694 694 0.0 34.0 0
695 695 0.0 34.0 0
696 696 0.0 34.0 0
697 697 0.0 34.0 3
698 698 0.0 34.0 0
699 699 0.0 34.0 0
700 700 0.0 34.0 0
701 701 0.0 34.0 0
702 702 0.0 34.0 0
703 703 0.0 34.0 2
704 704 0.0 34.0 0
705 705 0.0 34.0 0
706 706 0.0 34.0 0
707 707 0.0 34.0 0
708 708 0.0 34.0 0
709 709 0.0 34.0 0
710 710 0.0 34.0 0
711 711 0.0 34.0 0
712 712 1.0 35.0 0
713 713 0.0 35.0 0
714 714 0.0 35.0 0
715 715 0.0 35.0 0
716 716 0.0 35.0 3
717 717 0.0 35.0 0
718 718 0.0 35.0 0
719 719 0.0 35.0 0
720 720 0.0 35.0 0
721 721 0.0 35.0 0
722 722 0.0 35.0 0
723 723 0.0 35.0 3
724 724 0.0 35.0 0
725 725 0.0 35.0 0
726 726 0.0 35.0 2
727 727 0.0 35.0 2
728 728 0.0 35.0 0
729 729 0.0 35.0 0
730 730 0.0 35.0 0
731 731 0.0 35.0 0
732 732 0.0 35.0 0
733 733 0.0 35.0 0
734 734 0.0 35.0 0
735 735 0.0 35.0 0
736 736 1.0 36.0 0
737 737 0.0 36.0 0
738 738 0.0 36.0 0
739 739 0.0 36.0 0
740 740 0.0 36.0 0
741 741 0.0 36.0 0
742 742 0.0 36.0 0
743 743 0.0 36.0 0
744 744 0.0 36.0 0
745 745 0.0 36.0 0
746 746 0.0 36.0 0
747 747 0.0 36.0 3
748 748 0.0 36.0 0
749 749 0.0 36.0 0
750 750 0.0 36.0 2
751 751 0.0 36.0 0
752 752 0.0 36.0 0
753 753 0.0 36.0 0
754 754 0.0 36.0 0
755 755 0.0 36.0 0
756 756 0.0 36.0 0
757 757 0.0 36.0 0
758 758 0.0 36.0 0
759 759 0.0 36.0 0
760 760 0.0 36.0 0
761 761 0.0 36.0 0
762 762 0.0 36.0 0
763 763 4.0 40.0 0
764 764 0.0 40.0 3
765 765 0.0 40.0 0
766 766 0.0 40.0 0
767 767 0.0 40.0 0
768 768 0.0 40.0 3
769 769 0.0 40.0 0
770 770 0.0 40.0 0
771 771 0.0 40.0 2
772 772 0.0 40.0 0
773 773 0.0 40.0 0
774 774 0.0 40.0 0
775 775 0.0 40.0 0
776 776 0.0 40.0 0
777 777 0.0 40.0 0
778 778 0.0 40.0 2
779 779 0.0 40.0 0
780 780 4.0 44.0 0
781 781 0.0 44.0 0
782 782 0.0 44.0 0
783 783 0.0 44.0 2
784 784 0.0 44.0 0
785 785 0.0 44.0 2
786 786 0.0 44.0 0
787 787 0.0 44.0 0
788 788 0.0 44.0 0
789 789 0.0 44.0 3
790 790 0.0 44.0 3
791 791 0.0 44.0 0
792 792 0.0 44.0 0
793 793 0.0 44.0 0
794 794 0.0 44.0 0
795 795 1.0 45.0 3
796 796 0.0 45.0 0
797 797 0.0 45.0 0
798 798 0.0 45.0 3
799 799 0.0 45.0 3
800 800 0.0 45.0 0
801 801 0.0 45.0 0
802 802 0.0 45.0 0
803 803 0.0 45.0 0
804 804 0.0 45.0 2
805 805 0.0 45.0 2
806 806 0.0 45.0 0
807 807 0.0 45.0 0
808 808 0.0 45.0 0
809 809 0.0 45.0 0
810 810 0.0 45.0 0
811 811 4.0 49.0 2
812 812 0.0 49.0 0
813 813 0.0 49.0 0
814 814 0.0 49.0 2
815 815 0.0 49.0 0
816 816 0.0 49.0 0
817 817 0.0 49.0 2
818 818 0.0 49.0 0
819 819 0.0 49.0 2
820 820 0.0 49.0 0
821 821 0.0 49.0 3
822 822 0.0 49.0 3
823 823 0.0 49.0 3
824 824 0.0 49.0 0
825 825 0.0 49.0 0
826 826 1.0 50.0 0
827 827 0.0 50.0 3
828 828 0.0 50.0 0
829 829 0.0 50.0 0
830 830 0.0 50.0 0
831 831 0.0 50.0 0
832 832 0.0 50.0 3
833 833 0.0 50.0 0
834 834 0.0 50.0 2
835 835 0.0 50.0 0
836 836 0.0 50.0 2
837 837 0.0 50.0 0
838 838 0.0 50.0 0
839 839 0.0 50.0 0
840 840 0.0 50.0 2
841 841 0.0 50.0 0
842 842 0.0 50.0 0
843 843 4.0 54.0 0
844 844 0.0 54.0 0
845 845 0.0 54.0 0
846 846 0.0 54.0 0
847 847 0.0 54.0 0
848 848 0.0 54.0 0
849 849 0.0 54.0 0
850 850 0.0 54.0 2
851 851 0.0 54.0 2
852 852 0.0 54.0 3
853 853 0.0 54.0 3
854 854 0.0 54.0 3
855 855 0.0 54.0 0
856 856 0.0 54.0 0
857 857 0.0 54.0 0
858 858 0.0 54.0 3
859 859 0.0 54.0 3
860 860 0.0 54.0 0
861 861 0.0 54.0 1
862 862 0.0 54.0 0
863 863 0.0 54.0 0
864 864 0.0 54.0 3
865 865 0.0 54.0 0
866 866 0.0 54.0 0
867 867 0.0 54.0 0
868 868 0.0 54.0 0
869 869 0.0 54.0 0
870 870 0.0 54.0 0
871 871 0.0 54.0 0
872 872 0.0 54.0 0
873 873 0.0 54.0 0
874 874 0.0 54.0 0
875 875 0.0 54.0 0
876 876 0.0 54.0 0
877 877 0.0 54.0 0
878 878 0.0 54.0 0
879 879 0.0 54.0 0
880 880 0.0 54.0 2
881 881 0.0 54.0 2
882 882 0.0 54.0 0
883 883 0.0 54.0 0
884 884 0.0 54.0 0
885 885 0.0 54.0 2
886 886 0.0 54.0 0
887 887 0.0 54.0 0
888 888 0.0 54.0 0
889 889 0.0 54.0 0
890 890 0.0 54.0 0
891 891 0.0 54.0 0
892 892 0.0 54.0 0
893 893 0.0 54.0 0
894 894 0.0 54.0 0
895 895 4.0 58.0 0
896 896 0.0 58.0 2
897 897 0.0 58.0 2
898 898 0.0 58.0 0
899 899 0.0 58.0 0
900 900 0.0 58.0 0
901 901 0.0 58.0 0
902 902 0.0 58.0 0
903 903 0.0 58.0 0
904 904 0.0 58.0 2
905 905 0.0 58.0 3
906 906 0.0 58.0 3
907 907 0.0 58.0 3
908 908 0.0 58.0 0
909 909 0.0 58.0 0
910 910 0.0 58.0 0
911 911 4.0 62.0 0
912 912 0.0 62.0 0
913 913 0.0 62.0 0
914 914 0.0 62.0 0
915 915 0.0 62.0 3
916 916 0.0 62.0 0
917 917 0.0 62.0 0
918 918 0.0 62.0 3
919 919 0.0 62.0 0
920 920 0.0 62.0 0
921 921 0.0 62.0 2
922 922 0.0 62.0 2
923 923 0.0 62.0 0
924 924 0.0 62.0 0
925 925 0.0 62.0 0
926 926 1.0 63.0 0
927 927 0.0 63.0 0
928 928 0.0 63.0 0
929 929 0.0 63.0 2
930 930 0.0 63.0 2
931 931 0.0 63.0 2
932 932 0.0 63.0 2
933 933 0.0 63.0 3
934 934 0.0 63.0 3
935 935 0.0 63.0 3
936 936 0.0 63.0 0
937 937 0.0 63.0 0
938 938 0.0 63.0 0
939 939 0.0 63.0 3
940 940 1.0 64.0 0
941 941 0.0 64.0 0
942 942 0.0 64.0 3
943 943 0.0 64.0 3
944 944 0.0 64.0 0
945 945 0.0 64.0 0
946 946 0.0 64.0 0
947 947 0.0 64.0 0
948 948 0.0 64.0 0
949 949 0.0 64.0 2
950 950 0.0 64.0 2
951 951 0.0 64.0 0
952 952 0.0 64.0 0
953 953 0.0 64.0 0
954 954 0.0 64.0 0
955 955 4.0 68.0 0
956 956 0.0 68.0 0
957 957 0.0 68.0 2
958 958 0.0 68.0 0
959 959 0.0 68.0 0
960 960 0.0 68.0 0
961 961 0.0 68.0 0
962 962 0.0 68.0 0
963 963 0.0 68.0 3
964 964 0.0 68.0 0
965 965 0.0 68.0 2
966 966 0.0 68.0 0
967 967 0.0 68.0 3
968 968 0.0 68.0 0
969 969 0.0 68.0 0
970 970 0.0 68.0 3
971 971 4.0 72.0 3
972 972 0.0 72.0 0
973 973 0.0 72.0 0
974 974 0.0 72.0 0
975 975 0.0 72.0 0
976 976 0.0 72.0 0
977 977 0.0 72.0 0
978 978 0.0 72.0 0
979 979 0.0 72.0 2
980 980 0.0 72.0 0
981 981 0.0 72.0 0
982 982 0.0 72.0 0
983 983 0.0 72.0 0
984 984 0.0 72.0 0
985 985 0.0 72.0 0
986 986 0.0 72.0 0
987 987 1.0 73.0 0
988 988 0.0 73.0 0
989 989 0.0 73.0 2
990 990 0.0 73.0 0
991 991 0.0 73.0 0
992 992 0.0 73.0 0
993 993 0.0 73.0 0
994 994 0.0 73.0 0
995 995 0.0 73.0 2
996 996 0.0 73.0 0
997 997 0.0 73.0 3
998 998 0.0 73.0 0
999 999 0.0 73.0 0
1000 1000 0.0 73.0 0
1001 1001 0.0 73.0 2
1002 1002 4.0 77.0 2
1003 1003 0.0 77.0 0
1004 1004 0.0 77.0 3
1005 1005 0.0 77.0 0
1006 1006 0.0 77.0 0
1007 1007 0.0 77.0 0
1008 1008 0.0 77.0 0
1009 1009 0.0 77.0 3
1010 1010 0.0 77.0 0
1011 1011 0.0 77.0 2
1012 1012 0.0 77.0 0
1013 1013 0.0 77.0 0
1014 1014 0.0 77.0 0
1015 1015 0.0 77.0 0
1016 1016 0.0 77.0 0
1017 1017 0.0 77.0 0
1018 1018 4.0 81.0 3
1019 1019 0.0 81.0 0
1020 1020 0.0 81.0 0
1021 1021 0.0 81.0 0
1022 1022 0.0 81.0 0
1023 1023 0.0 81.0 0
1024 1024 0.0 81.0 0
1025 1025 0.0 81.0 0
1026 1026 0.0 81.0 0
1027 1027 0.0 81.0 3
1028 1028 0.0 81.0 2
1029 1029 0.0 81.0 2
1030 1030 0.0 81.0 3
1031 1031 0.0 81.0 3
1032 1032 0.0 81.0 0
1033 1033 0.0 81.0 0
1034 1034 1.0 82.0 0
1035 1035 0.0 82.0 0
1036 1036 0.0 82.0 0
1037 1037 0.0 82.0 0
1038 1038 0.0 82.0 0
1039 1039 0.0 82.0 0
1040 1040 0.0 82.0 0
1041 1041 0.0 82.0 0
1042 1042 0.0 82.0 2
1043 1043 0.0 82.0 2
1044 1044 0.0 82.0 3
1045 1045 0.0 82.0 3
1046 1046 0.0 82.0 0
1047 1047 0.0 82.0 0
1048 1048 0.0 82.0 0
1049 1049 0.0 82.0 0
1050 1050 0.0 82.0 0
1051 1051 0.0 82.0 0
1052 1052 0.0 82.0 0
1053 1053 0.0 82.0 0
1054 1054 0.0 82.0 0
1055 1055 0.0 82.0 0
1056 1056 0.0 82.0 0
1057 1057 0.0 82.0 1
1058 1058 0.0 82.0 0
1059 1059 0.0 82.0 3
1060 1060 0.0 82.0 3
1061 1061 0.0 82.0 0
1062 1062 0.0 82.0 0
1063 1063 0.0 82.0 0
1064 1064 0.0 82.0 0
1065 1065 0.0 82.0 0
1066 1066 0.0 82.0 0
1067 1067 0.0 82.0 0
1068 1068 0.0 82.0 3
1069 1069 0.0 82.0 0
1070 1070 0.0 82.0 0
1071 1071 0.0 82.0 0
1072 1072 0.0 82.0 0
1073 1073 0.0 82.0 0
1074 1074 0.0 82.0 2
1075 1075 0.0 82.0 2
1076 1076 0.0 82.0 2
1077 1077 0.0 82.0 0
1078 1078 0.0 82.0 0
1079 1079 0.0 82.0 0
1080 1080 0.0 82.0 0
1081 1081 0.0 82.0 0
1082 1082 0.0 82.0 2
1083 1083 0.0 82.0 0
1084 1084 0.0 82.0 0
1085 1085 0.0 82.0 0
1086 1086 0.0 82.0 0
1087 1087 0.0 82.0 0
1088 1088 0.0 82.0 0
1089 1089 0.0 82.0 0
1090 1090 0.0 82.0 0
1091 1091 0.0 82.0 0
1092 1092 4.0 86.0 0
1093 1093 0.0 86.0 0
1094 1094 0.0 86.0 2
1095 1095 0.0 86.0 0
1096 1096 0.0 86.0 0
1097 1097 0.0 86.0 0
1098 1098 0.0 86.0 0
1099 1099 0.0 86.0 2
1100 1100 0.0 86.0 0
1101 1101 0.0 86.0 3
1102 1102 0.0 86.0 3
1103 1103 0.0 86.0 0
1104 1104 0.0 86.0 0
1105 1105 0.0 86.0 3
1106 1106 0.0 86.0 3
1107 1107 1.0 87.0 0
1108 1108 0.0 87.0 0
1109 1109 0.0 87.0 0
1110 1110 0.0 87.0 0
1111 1111 0.0 87.0 0
1112 1112 0.0 87.0 3
1113 1113 0.0 87.0 0
1114 1114 0.0 87.0 0
1115 1115 0.0 87.0 0
1116 1116 0.0 87.0 2
1117 1117 0.0 87.0 2
1118 1118 0.0 87.0 0
1119 1119 0.0 87.0 0
1120 1120 0.0 87.0 0
1121 1121 0.0 87.0 0
1122 1122 1.0 88.0 0
1123 1123 0.0 88.0 2
1124 1124 0.0 88.0 0
1125 1125 0.0 88.0 0
1126 1126 0.0 88.0 0
1127 1127 0.0 88.0 0
1128 1128 0.0 88.0 0
1129 1129 0.0 88.0 0
1130 1130 0.0 88.0 0
1131 1131 0.0 88.0 0
1132 1132 0.0 88.0 0
1133 1133 0.0 88.0 0
1134 1134 0.0 88.0 0
1135 1135 0.0 88.0 0
1136 1136 0.0 88.0 0
1137 1137 4.0 92.0 0
1138 1138 0.0 92.0 0
1139 1139 0.0 92.0 0
1140 1140 0.0 92.0 0
1141 1141 0.0 92.0 3
1142 1142 0.0 92.0 0
1143 1143 0.0 92.0 0
1144 1144 0.0 92.0 0
1145 1145 0.0 92.0 3
1146 1146 0.0 92.0 0
1147 1147 0.0 92.0 2
1148 1148 0.0 92.0 2
1149 1149 0.0 92.0 0
1150 1150 0.0 92.0 0
1151 1151 0.0 92.0 3
1152 1152 1.0 93.0 0
1153 1153 0.0 93.0 0
1154 1154 0.0 93.0 0
1155 1155 0.0 93.0 0
1156 1156 0.0 93.0 3
1157 1157 0.0 93.0 0
1158 1158 0.0 93.0 0
1159 1159 0.0 93.0 0
1160 1160 0.0 93.0 2
1161 1161 0.0 93.0 2
1162 1162 0.0 93.0 3
1163 1163 0.0 93.0 0
1164 1164 0.0 93.0 0
1165 1165 0.0 93.0 0
1166 1166 0.0 93.0 0
1167 1167 0.0 93.0 0
1168 1168 4.0 97.0 0
1169 1169 0.0 97.0 0
1170 1170 0.0 97.0 0
1171 1171 0.0 97.0 0
1172 1172 0.0 97.0 0
1173 1173 0.0 97.0 0
1174 1174 0.0 97.0 0
1175 1175 0.0 97.0 0
1176 1176 0.0 97.0 2
1177 1177 0.0 97.0 0
1178 1178 0.0 97.0 0
1179 1179 0.0 97.0 0
1180 1180 0.0 97.0 0
1181 1181 0.0 97.0 3
1182 1182 0.0 97.0 0
1183 1183 0.0 97.0 0
1184 1184 0.0 97.0 0
1185 1185 4.0 101.0 0
1186 1186 0.0 101.0 0
1187 1187 0.0 101.0 0
1188 1188 0.0 101.0 0
1189 1189 0.0 101.0 0
1190 1190 0.0 101.0 0
1191 1191 0.0 101.0 0
1192 1192 0.0 101.0 3
1193 1193 0.0 101.0 3
1194 1194 0.0 101.0 2
1195 1195 0.0 101.0 2
1196 1196 0.0 101.0 0
1197 1197 0.0 101.0 0
1198 1198 0.0 101.0 1
1199 1199 0.0 101.0 0
1200 1200 0.0 101.0 3
1201 1201 0.0 101.0 3
1202 1202 0.0 101.0 3
1203 1203 0.0 101.0 0
1204 1204 0.0 101.0 0
1205 1205 0.0 101.0 0
1206 1206 0.0 101.0 0
1207 1207 0.0 101.0 0
1208 1208 0.0 101.0 0
1209 1209 0.0 101.0 0
1210 1210 0.0 101.0 0
1211 1211 0.0 101.0 0
1212 1212 0.0 101.0 0
1213 1213 0.0 101.0 0
1214 1214 0.0 101.0 0
1215 1215 0.0 101.0 0
1216 1216 0.0 101.0 0
1217 1217 0.0 101.0 2
1218 1218 0.0 101.0 2
1219 1219 0.0 101.0 2
1220 1220 0.0 101.0 0
1221 1221 0.0 101.0 0
1222 1222 0.0 101.0 0
1223 1223 0.0 101.0 0
1224 1224 0.0 101.0 0
1225 1225 0.0 101.0 0
1226 1226 0.0 101.0 0
1227 1227 0.0 101.0 0
1228 1228 0.0 101.0 0
1229 1229 0.0 101.0 0
1230 1230 0.0 101.0 0
1231 1231 0.0 101.0 0
1232 1232 0.0 101.0 0
1233 1233 7.0 108.0 0
1234 1234 0.0 108.0 2
1235 1235 0.0 108.0 2
1236 1236 0.0 108.0 0
1237 1237 0.0 108.0 0
1238 1238 0.0 108.0 0
1239 1239 0.0 108.0 0
1240 1240 0.0 108.0 0
1241 1241 0.0 108.0 2
1242 1242 0.0 108.0 0
1243 1243 0.0 108.0 3
1244 1244 0.0 108.0 3
1245 1245 0.0 108.0 0
1246 1246 0.0 108.0 0
1247 1247 0.0 108.0 0
1248 1248 0.0 108.0 3
1249 1249 0.0 108.0 3
1250 1250 1.0 109.0 0
1251 1251 0.0 109.0 0
1252 1252 0.0 109.0 0
1253 1253 0.0 109.0 3
1254 1254 0.0 109.0 3
1255 1255 0.0 109.0 0
1256 1256 0.0 109.0 0
1257 1257 0.0 109.0 0
1258 1258 0.0 109.0 2
1259 1259 0.0 109.0 2
1260 1260 0.0 109.0 2
1261 1261 0.0 109.0 0
1262 1262 0.0 109.0 0
1263 1263 0.0 109.0 0
1264 1264 0.0 109.0 0
1265 1265 0.0 109.0 0
1266 1266 4.0 113.0 2
1267 1267 0.0 113.0 2
1268 1268 0.0 113.0 0
1269 1269 0.0 113.0 0
1270 1270 0.0 113.0 0
1271 1271 0.0 113.0 2
1272 1272 0.0 113.0 0
1273 1273 0.0 113.0 0
1274 1274 0.0 113.0 0
1275 1275 0.0 113.0 3
1276 1276 0.0 113.0 3
1277 1277 0.0 113.0 0
1278 1278 0.0 113.0 0
1279 1279 0.0 113.0 0
1280 1280 0.0 113.0 0
1281 1281 1.0 114.0 3
1282 1282 0.0 114.0 3
1283 1283 0.0 114.0 0
1284 1284 0.0 114.0 0
1285 1285 0.0 114.0 3
1286 1286 0.0 114.0 0
1287 1287 0.0 114.0 0
1288 1288 0.0 114.0 0
1289 1289 0.0 114.0 0
1290 1290 0.0 114.0 0
1291 1291 0.0 114.0 0
1292 1292 0.0 114.0 2
1293 1293 0.0 114.0 0
1294 1294 0.0 114.0 0
1295 1295 0.0 114.0 0
1296 1296 0.0 114.0 0
1297 1297 4.0 118.0 2
1298 1298 0.0 118.0 2
1299 1299 0.0 118.0 0
1300 1300 0.0 118.0 0
1301 1301 0.0 118.0 0
1302 1302 0.0 118.0 0
1303 1303 0.0 118.0 0
1304 1304 0.0 118.0 0
1305 1305 0.0 118.0 2
1306 1306 0.0 118.0 0
1307 1307 0.0 118.0 3
1308 1308 0.0 118.0 3
1309 1309 0.0 118.0 0
1310 1310 0.0 118.0 0
1311 1311 0.0 118.0 0
1312 1312 0.0 118.0 0
1313 1313 4.0 122.0 0
1314 1314 0.0 122.0 0
1315 1315 0.0 122.0 0
1316 1316 0.0 122.0 0
1317 1317 0.0 122.0 0
1318 1318 0.0 122.0 3
1319 1319 0.0 122.0 0
1320 1320 0.0 122.0 0
1321 1321 0.0 122.0 0
1322 1322 0.0 122.0 2
1323 1323 0.0 122.0 0
1324 1324 0.0 122.0 0
1325 1325 0.0 122.0 0
1326 1326 0.0 122.0 0
1327 1327 0.0 122.0 0
1328 1328 0.0 122.0 0
1329 1329 0.0 122.0 0
1330 1330 7.0 129.0 2
1331 1331 0.0 129.0 0
1332 1332 0.0 129.0 0
1333 1333 0.0 129.0 0
1334 1334 0.0 129.0 0
1335 1335 0.0 129.0 0
1336 1336 0.0 129.0 0
1337 1337 0.0 129.0 0
1338 1338 0.0 129.0 0
1339 1339 0.0 129.0 0
1340 1340 0.0 129.0 0
1341 1341 0.0 129.0 0
1342 1342 0.0 129.0 0
1343 1343 0.0 129.0 0
1344 1344 0.0 129.0 0
1345 1345 0.0 129.0 0
1346 1346 0.0 129.0 0
1347 1347 0.0 129.0 0
1348 1348 7.0 136.0 0
1349 1349 0.0 136.0 0
1350 1350 0.0 136.0 0
1351 1351 0.0 136.0 3
1352 1352 0.0 136.0 3
1353 1353 0.0 136.0 0
1354 1354 0.0 136.0 0
1355 1355 0.0 136.0 0
1356 1356 0.0 136.0 0
1357 1357 0.0 136.0 0
1358 1358 0.0 136.0 0
1359 1359 0.0 136.0 0
1360 1360 0.0 136.0 2
1361 1361 0.0 136.0 2
1362 1362 0.0 136.0 0
1363 1363 0.0 136.0 3
1364 1364 0.0 136.0 0
1365 1365 0.0 136.0 0
1366 1366 7.0 143.0 0
1367 1367 0.0 143.0 0
1368 1368 0.0 143.0 0
1369 1369 0.0 143.0 2
1370 1370 0.0 143.0 0
1371 1371 0.0 143.0 0
1372 1372 0.0 143.0 0
1373 1373 0.0 143.0 0
1374 1374 0.0 143.0 0
1375 1375 0.0 143.0 0
1376 1376 0.0 143.0 0
1377 1377 0.0 143.0 0
1378 1378 0.0 143.0 0
1379 1379 0.0 143.0 3
1380 1380 0.0 143.0 3
1381 1381 0.0 143.0 0
1382 1382 0.0 143.0 0
1383 1383 0.0 143.0 0
1384 1384 7.0 150.0 0
1385 1385 0.0 150.0 0
1386 1386 0.0 150.0 0
1387 1387 0.0 150.0 0
1388 1388 0.0 150.0 0
1389 1389 0.0 150.0 0
1390 1390 0.0 150.0 0
1391 1391 0.0 150.0 0
1392 1392 0.0 150.0 0
1393 1393 0.0 150.0 0
1394 1394 0.0 150.0 0
1395 1395 0.0 150.0 0
1396 1396 0.0 150.0 0
1397 1397 0.0 150.0 0
1398 1398 0.0 150.0 0
1399 1399 0.0 150.0 2
1400 1400 0.0 150.0 2
1401 1401 0.0 150.0 0
1402 1402 0.0 150.0 0
1403 1403 7.0 157.0 0
1404 1404 0.0 157.0 0
1405 1405 0.0 157.0 0
1406 1406 0.0 157.0 0
1407 1407 0.0 157.0 0
1408 1408 0.0 157.0 0
1409 1409 0.0 157.0 0
1410 1410 0.0 157.0 0
1411 1411 0.0 157.0 0
1412 1412 0.0 157.0 0
1413 1413 0.0 157.0 0
1414 1414 0.0 157.0 0
1415 1415 0.0 157.0 0
1416 1416 0.0 157.0 0
1417 1417 0.0 157.0 0
1418 1418 0.0 157.0 0
1419 1419 0.0 157.0 3
1420 1420 0.0 157.0 3
1421 1421 7.0 164.0 0
1422 1422 0.0 164.0 0
1423 1423 0.0 164.0 0
1424 1424 0.0 164.0 0
1425 1425 0.0 164.0 0
1426 1426 0.0 164.0 0
1427 1427 0.0 164.0 0
1428 1428 0.0 164.0 0
1429 1429 0.0 164.0 0
1430 1430 0.0 164.0 2
1431 1431 0.0 164.0 0
1432 1432 0.0 164.0 0
1433 1433 0.0 164.0 0
1434 1434 0.0 164.0 0
1435 1435 0.0 164.0 0
1436 1436 0.0 164.0 3
1437 1437 0.0 164.0 0
1438 1438 1.0 165.0 0
1439 1439 0.0 165.0 0
1440 1440 0.0 165.0 0
1441 1441 0.0 165.0 0
1442 1442 0.0 165.0 0
1443 1443 0.0 165.0 0
1444 1444 0.0 165.0 0
1445 1445 0.0 165.0 0
1446 1446 0.0 165.0 0
1447 1447 0.0 165.0 0
1448 1448 0.0 165.0 2
1449 1449 0.0 165.0 2
1450 1450 0.0 165.0 0
1451 1451 0.0 165.0 0
1452 1452 0.0 165.0 0
1453 1453 0.0 165.0 0
1454 1454 7.0 172.0 0
1455 1455 0.0 172.0 0
1456 1456 0.0 172.0 0
1457 1457 0.0 172.0 0
1458 1458 0.0 172.0 0
1459 1459 0.0 172.0 0
1460 1460 0.0 172.0 0
1461 1461 0.0 172.0 0
1462 1462 0.0 172.0 0
1463 1463 0.0 172.0 3
1464 1464 0.0 172.0 0
1465 1465 0.0 172.0 0
1466 1466 0.0 172.0 0
1467 1467 0.0 172.0 0
1468 1468 0.0 172.0 0
1469 1469 0.0 172.0 0
1470 1470 0.0 172.0 0
1471 1471 0.0 172.0 0
1472 1472 0.0 172.0 0
1473 1473 7.0 179.0 0
1474 1474 0.0 179.0 0
1475 1475 0.0 179.0 0
1476 1476 0.0 179.0 0
1477 1477 0.0 179.0 0
1478 1478 0.0 179.0 0
1479 1479 0.0 179.0 0
1480 1480 0.0 179.0 0
1481 1481 0.0 179.0 0
1482 1482 0.0 179.0 0
1483 1483 0.0 179.0 0
1484 1484 0.0 179.0 0
1485 1485 0.0 179.0 0
1486 1486 0.0 179.0 0
1487 1487 0.0 179.0 0
1488 1488 0.0 179.0 0
1489 1489 4.0 183.0 0
1490 1490 0.0 183.0 0
1491 1491 0.0 183.0 0
1492 1492 0.0 183.0 0
1493 1493 0.0 183.0 0
1494 1494 0.0 183.0 0
1495 1495 0.0 183.0 3
1496 1496 0.0 183.0 3
1497 1497 0.0 183.0 2
1498 1498 0.0 183.0 2
1499 1499 0.0 183.0 2
1500 1500 0.0 183.0 0
1501 1501 0.0 183.0 3
1502 1502 0.0 183.0 0
1503 1503 0.0 183.0 1
1504 1504 0.0 183.0 3
1505 1505 0.0 183.0 3
1506 1506 0.0 183.0 3
1507 1507 0.0 183.0 0
1508 1508 0.0 183.0 0
1509 1509 0.0 183.0 0
1510 1510 0.0 183.0 0
1511 1511 0.0 183.0 0
1512 1512 0.0 183.0 0
1513 1513 0.0 183.0 0
1514 1514 0.0 183.0 0
1515 1515 0.0 183.0 0
1516 1516 0.0 183.0 0
1517 1517 0.0 183.0 0
1518 1518 0.0 183.0 0
1519 1519 0.0 183.0 0
1520 1520 0.0 183.0 0
1521 1521 0.0 183.0 0
1522 1522 0.0 183.0 2
1523 1523 0.0 183.0 2
1524 1524 0.0 183.0 0
1525 1525 0.0 183.0 0
1526 1526 0.0 183.0 0
1527 1527 0.0 183.0 0
1528 1528 0.0 183.0 0
1529 1529 0.0 183.0 0
1530 1530 0.0 183.0 0
1531 1531 0.0 183.0 0
1532 1532 0.0 183.0 2
1533 1533 0.0 183.0 0
1534 1534 0.0 183.0 0
1535 1535 0.0 183.0 0
1536 1536 0.0 183.0 0
1537 1537 0.0 183.0 0
1538 1538 0.0 183.0 0
1539 1539 7.0 190.0 0
1540 1540 0.0 190.0 0
1541 1541 0.0 190.0 2
1542 1542 0.0 190.0 0
1543 1543 0.0 190.0 0
1544 1544 0.0 190.0 2
1545 1545 0.0 190.0 2
1546 1546 0.0 190.0 0
1547 1547 0.0 190.0 0
1548 1548 0.0 190.0 0
1549 1549 0.0 190.0 0
1550 1550 0.0 190.0 3
1551 1551 0.0 190.0 3
1552 1552 0.0 190.0 3
1553 1553 0.0 190.0 0
1554 1554 0.0 190.0 0
1555 1555 0.0 190.0 0
1556 1556 0.0 190.0 0
1557 1557 4.0 194.0 0
1558 1558 0.0 194.0 0
1559 1559 0.0 194.0 3
1560 1560 0.0 194.0 3
1561 1561 0.0 194.0 3
1562 1562 0.0 194.0 0
1563 1563 0.0 194.0 0
1564 1564 0.0 194.0 0
1565 1565 0.0 194.0 0
1566 1566 0.0 194.0 2
1567 1567 0.0 194.0 2
1568 1568 0.0 194.0 2
1569 1569 0.0 194.0 2
1570 1570 0.0 194.0 0
1571 1571 0.0 194.0 0
1572 1572 0.0 194.0 0
1573 1573 0.0 194.0 0
1574 1574 4.0 198.0 0
1575 1575 0.0 198.0 2
1576 1576 0.0 198.0 2
1577 1577 0.0 198.0 0
1578 1578 0.0 198.0 0
1579 1579 0.0 198.0 0
1580 1580 0.0 198.0 0
1581 1581 0.0 198.0 0
1582 1582 0.0 198.0 0
1583 1583 0.0 198.0 0
1584 1584 0.0 198.0 0
1585 1585 0.0 198.0 0
1586 1586 0.0 198.0 3
1587 1587 0.0 198.0 3
1588 1588 0.0 198.0 3
1589 1589 0.0 198.0 0
1590 1590 1.0 199.0 0
1591 1591 0.0 199.0 0
1592 1592 0.0 199.0 0
1593 1593 0.0 199.0 3
1594 1594 0.0 199.0 3
1595 1595 0.0 199.0 0
1596 1596 0.0 199.0 0
1597 1597 0.0 199.0 0
1598 1598 0.0 199.0 0
1599 1599 0.0 199.0 2
1600 1600 0.0 199.0 2
1601 1601 0.0 199.0 0
1602 1602 0.0 199.0 0
1603 1603 0.0 199.0 0
1604 1604 0.0 199.0 0
1605 1605 4.0 203.0 0
1606 1606 0.0 203.0 2
1607 1607 0.0 203.0 2
1608 1608 0.0 203.0 2
1609 1609 0.0 203.0 0
1610 1610 0.0 203.0 0
1611 1611 0.0 203.0 0
1612 1612 0.0 203.0 0
1613 1613 0.0 203.0 3
1614 1614 0.0 203.0 0
1615 1615 0.0 203.0 0
1616 1616 0.0 203.0 0
1617 1617 0.0 203.0 3
1618 1618 0.0 203.0 3
1619 1619 0.0 203.0 0
1620 1620 0.0 203.0 0
1621 1621 1.0 204.0 0
1622 1622 0.0 204.0 3
1623 1623 0.0 204.0 0
1624 1624 0.0 204.0 0
1625 1625 0.0 204.0 3
1626 1626 0.0 204.0 3
1627 1627 0.0 204.0 0
1628 1628 0.0 204.0 0
1629 1629 0.0 204.0 0
1630 1630 0.0 204.0 2
1631 1631 0.0 204.0 2
1632 1632 0.0 204.0 2
1633 1633 0.0 204.0 2
1634 1634 0.0 204.0 0
1635 1635 0.0 204.0 0
1636 1636 0.0 204.0 0
1637 1637 4.0 208.0 0
1638 1638 0.0 208.0 0
1639 1639 0.0 208.0 2
1640 1640 0.0 208.0 0
1641 1641 0.0 208.0 0
1642 1642 0.0 208.0 2
1643 1643 0.0 208.0 0
1644 1644 0.0 208.0 0
1645 1645 0.0 208.0 0
1646 1646 0.0 208.0 0
1647 1647 0.0 208.0 3
1648 1648 0.0 208.0 3
1649 1649 0.0 208.0 0
1650 1650 0.0 208.0 0
1651 1651 0.0 208.0 0
1652 1652 0.0 208.0 0
1653 1653 0.0 208.0 0
1654 1654 0.0 208.0 0
1655 1655 7.0 215.0 0
1656 1656 0.0 215.0 3
1657 1657 0.0 215.0 3
1658 1658 0.0 215.0 3
1659 1659 0.0 215.0 3
1660 1660 0.0 215.0 3
1661 1661 0.0 215.0 0
1662 1662 0.0 215.0 0
1663 1663 0.0 215.0 0
1664 1664 0.0 215.0 0
1665 1665 0.0 215.0 2
1666 1666 0.0 215.0 2
1667 1667 0.0 215.0 2
1668 1668 0.0 215.0 2
1669 1669 0.0 215.0 2
1670 1670 0.0 215.0 0
1671 1671 0.0 215.0 0
1672 1672 0.0 215.0 0
1673 1673 7.0 222.0 0
1674 1674 0.0 222.0 0
1675 1675 0.0 222.0 0
1676 1676 0.0 222.0 0
1677 1677 0.0 222.0 0
1678 1678 0.0 222.0 0
1679 1679 0.0 222.0 0
1680 1680 0.0 222.0 0
1681 1681 0.0 222.0 2
1682 1682 0.0 222.0 0
1683 1683 0.0 222.0 0
1684 1684 0.0 222.0 3
1685 1685 0.0 222.0 3
1686 1686 0.0 222.0 0
1687 1687 0.0 222.0 0
1688 1688 0.0 222.0 0
1689 1689 0.0 222.0 0
1690 1690 0.0 222.0 0
1691 1691 4.0 226.0 0
1692 1692 0.0 226.0 0
1693 1693 0.0 226.0 0
1694 1694 0.0 226.0 3
1695 1695 0.0 226.0 3
1696 1696 0.0 226.0 3
1697 1697 0.0 226.0 3
1698 1698 0.0 226.0 3
1699 1699 0.0 226.0 3
1700 1700 0.0 226.0 0
1701 1701 0.0 226.0 2
1702 1702 0.0 226.0 2
1703 1703 0.0 226.0 2
1704 1704 0.0 226.0 0
1705 1705 0.0 226.0 0
1706 1706 0.0 226.0 0
1707 1707 0.0 226.0 0
1708 1708 0.0 226.0 0
1709 1709 0.0 226.0 0
1710 1710 0.0 226.0 0
1711 1711 0.0 226.0 0
1712 1712 0.0 226.0 0
1713 1713 7.0 233.0 0
1714 1714 0.0 233.0 0
1715 1715 0.0 233.0 0
1716 1716 0.0 233.0 0
1717 1717 7.0 240.0 0
1718 1718 0.0 240.0 0
1719 1719 0.0 240.0 0
1720 1720 0.0 240.0 0
1721 1721 0.0 240.0 0
1722 1722 7.0 247.0 0
1723 1723 0.0 247.0 0
1724 1724 0.0 247.0 0
1725 1725 0.0 247.0 0
1726 1726 7.0 254.0 0
1727 1727 0.0 254.0 0
1728 1728 0.0 254.0 3
1729 1729 0.0 254.0 0
1730 1730 7.0 261.0 0
1731 1731 0.0 261.0 0
1732 1732 0.0 261.0 2
1733 1733 7.0 268.0 0
1734 1734 0.0 268.0 0
1735 1735 0.0 268.0 0
1736 1736 0.0 268.0 0
1737 1737 7.0 275.0 0
1738 1738 0.0 275.0 0
1739 1739 0.0 275.0 0
1740 1740 0.0 275.0 0
1741 1741 7.0 282.0 0
1742 1742 0.0 282.0 0
1743 1743 0.0 282.0 0
1744 1744 0.0 282.0 0
1745 1745 0.0 282.0 0
1746 1746 0.0 282.0 0
1747 1747 0.0 282.0 2
1748 1748 0.0 282.0 2
1749 1749 0.0 282.0 0
1750 1750 0.0 282.0 0
1751 1751 0.0 282.0 0
1752 1752 0.0 282.0 0
1753 1753 0.0 282.0 2
1754 1754 0.0 282.0 0
1755 1755 0.0 282.0 0
1756 1756 0.0 282.0 2
1757 1757 0.0 282.0 3
1758 1758 0.0 282.0 3
1759 1759 0.0 282.0 3
1760 1760 0.0 282.0 3
1761 1761 0.0 282.0 0
1762 1762 0.0 282.0 0
1763 1763 0.0 282.0 0
1764 1764 0.0 282.0 0
1765 1765 0.0 282.0 0
1766 1766 0.0 282.0 0
1767 1767 0.0 282.0 0
1768 1768 0.0 282.0 0
1769 1769 7.0 289.0 0
1770 1770 0.0 289.0 0
1771 1771 0.0 289.0 0
1772 1772 0.0 289.0 0
1773 1773 0.0 289.0 0
1774 1774 7.0 296.0 0
1775 1775 0.0 296.0 0
1776 1776 0.0 296.0 0
1777 1777 0.0 296.0 0
1778 1778 0.0 296.0 0
1779 1779 7.0 303.0 0
1780 1780 0.0 303.0 0
1781 1781 0.0 303.0 0
1782 1782 0.0 303.0 0
1783 1783 0.0 303.0 2
1784 1784 7.0 310.0 0
1785 1785 0.0 310.0 0
1786 1786 0.0 310.0 0
1787 1787 0.0 310.0 0
1788 1788 0.0 310.0 0
1789 1789 0.0 310.0 0
1790 1790 0.0 310.0 0
1791 1791 0.0 310.0 0
1792 1792 0.0 310.0 0
1793 1793 0.0 310.0 0
1794 1794 0.0 310.0 0
1795 1795 0.0 310.0 0
1796 1796 0.0 310.0 0
1797 1797 0.0 310.0 0
1798 1798 0.0 310.0 2
1799 1799 0.0 310.0 0
1800 1800 0.0 310.0 3
1801 1801 0.0 310.0 3
1802 1802 0.0 310.0 0
1803 1803 0.0 310.0 0
1804 1804 0.0 310.0 0
1805 1805 0.0 310.0 0
1806 1806 0.0 310.0 0
1807 1807 0.0 310.0 0
1808 1808 0.0 310.0 0
1809 1809 0.0 310.0 0
1810 1810 0.0 310.0 0
1811 1811 0.0 310.0 0
1812 1812 0.0 310.0 0
1813 1813 0.0 310.0 3
1814 1814 0.0 310.0 3
1815 1815 0.0 310.0 3
1816 1816 0.0 310.0 0
1817 1817 0.0 310.0 0
1818 1818 0.0 310.0 0
1819 1819 0.0 310.0 0
1820 1820 0.0 310.0 0
1821 1821 0.0 310.0 0
1822 1822 0.0 310.0 2
1823 1823 0.0 310.0 2
1824 1824 0.0 310.0 2
1825 1825 0.0 310.0 0
1826 1826 0.0 310.0 0
1827 1827 0.0 310.0 0
1828 1828 0.0 310.0 0
1829 1829 0.0 310.0 0
1830 1830 0.0 310.0 0
1831 1831 0.0 310.0 0
1832 1832 0.0 310.0 0
1833 1833 0.0 310.0 0
1834 1834 0.0 310.0 0
1835 1835 0.0 310.0 2
1836 1836 0.0 310.0 2
1837 1837 0.0 310.0 0
1838 1838 0.0 310.0 0
1839 1839 0.0 310.0 0
1840 1840 0.0 310.0 0
1841 1841 0.0 310.0 0
1842 1842 0.0 310.0 3
1843 1843 0.0 310.0 0
1844 1844 0.0 310.0 0
1845 1845 0.0 310.0 0
1846 1846 0.0 310.0 0
1847 1847 0.0 310.0 0
1848 1848 0.0 310.0 0
1849 1849 0.0 310.0 0
1850 1850 0.0 310.0 0
1851 1851 0.0 310.0 0
1852 1852 0.0 310.0 0
1853 1853 0.0 310.0 0
1854 1854 0.0 310.0 0
1855 1855 0.0 310.0 3
1856 1856 0.0 310.0 3
1857 1857 0.0 310.0 3
1858 1858 0.0 310.0 0
1859 1859 0.0 310.0 0
1860 1860 0.0 310.0 0
1861 1861 0.0 310.0 0
1862 1862 0.0 310.0 0
1863 1863 0.0 310.0 0
1864 1864 0.0 310.0 0
1865 1865 0.0 310.0 0
1866 1866 0.0 310.0 3
1867 1867 0.0 310.0 0
1868 1868 0.0 310.0 2
1869 1869 0.0 310.0 2
1870 1870 0.0 310.0 2
1871 1871 0.0 310.0 0
1872 1872 0.0 310.0 0
1873 1873 0.0 310.0 0
1874 1874 0.0 310.0 0
1875 1875 4.0 314.0 0
1876 1876 0.0 314.0 0
1877 1877 0.0 314.0 2
1878 1878 0.0 314.0 2
1879 1879 0.0 314.0 0
1880 1880 0.0 314.0 0
1881 1881 0.0 314.0 0
1882 1882 0.0 314.0 3
1883 1883 0.0 314.0 0
1884 1884 0.0 314.0 0
1885 1885 0.0 314.0 0
1886 1 0.0 314.0 0
1887 2 0.0 314.0 0
1888 3 0.0 314.0 0
1889 4 0.0 314.0 0
1890 5 0.0 314.0 0
1891 6 0.0 314.0 0
1892 7 0.0 314.0 1
1893 8 0.0 314.0 0
1894 9 0.0 314.0 3
1895 10 0.0 314.0 3
1896 11 0.0 314.0 3
1897 12 0.0 314.0 3
1898 13 0.0 314.0 3
1899 14 0.0 314.0 0
1900 15 0.0 314.0 0
1901 16 0.0 314.0 0
1902 17 0.0 314.0 0
1903 18 0.0 314.0 0
1904 19 0.0 314.0 0
1905 20 0.0 314.0 0
1906 21 0.0 314.0 0
1907 22 0.0 314.0 0
1908 23 0.0 314.0 0
1909 24 0.0 314.0 0
1910 25 0.0 314.0 0
1911 26 0.0 314.0 0
1912 27 0.0 314.0 2
1913 28 0.0 314.0 2
1914 29 0.0 314.0 0
1915 30 0.0 314.0 0
1916 31 0.0 314.0 0
1917 32 0.0 314.0 0
1918 33 0.0 314.0 0
1919 34 0.0 314.0 2
1920 35 0.0 314.0 2
1921 36 0.0 314.0 0
1922 37 0.0 314.0 0
1923 38 1.0 315.0 0
1924 39 0.0 315.0 0
1925 40 0.0 315.0 0
1926 41 0.0 315.0 0
1927 42 0.0 315.0 0
1928 43 0.0 315.0 0
1929 44 0.0 315.0 0
1930 45 0.0 315.0 0
1931 46 0.0 315.0 0
1932 47 0.0 315.0 0
1933 48 0.0 315.0 2
1934 49 0.0 315.0 0
1935 50 0.0 315.0 0
1936 51 0.0 315.0 0
1937 52 0.0 315.0 0
1938 53 0.0 315.0 0
1939 54 0.0 315.0 0
1940 55 0.0 315.0 0
1941 56 0.0 315.0 0
1942 57 0.0 315.0 0
1943 58 0.0 315.0 0
1944 59 0.0 315.0 0
1945 60 0.0 315.0 3
1946 61 0.0 315.0 3
1947 62 0.0 315.0 0
1948 63 0.0 315.0 0
1949 64 0.0 315.0 0
1950 65 0.0 315.0 0
1951 66 0.0 315.0 0
1952 67 0.0 315.0 0
1953 68 0.0 315.0 0
1954 69 0.0 315.0 0
1955 70 0.0 315.0 0
1956 71 0.0 315.0 0
1957 72 0.0 315.0 0
1958 73 0.0 315.0 0
1959 74 0.0 315.0 0
1960 75 0.0 315.0 0
1961 76 0.0 315.0 0
1962 77 1.0 316.0 0
1963 78 0.0 316.0 0
1964 79 0.0 316.0 0
1965 80 0.0 316.0 2
1966 81 0.0 316.0 2
1967 82 0.0 316.0 0
1968 83 0.0 316.0 0
1969 84 0.0 316.0 0
1970 85 0.0 316.0 0
1971 86 0.0 316.0 0
1972 87 0.0 316.0 0
1973 88 0.0 316.0 0
1974 89 0.0 316.0 0
1975 90 0.0 316.0 0
1976 91 0.0 316.0 0
1977 92 0.0 316.0 0
1978 93 0.0 316.0 0
1979 94 0.0 316.0 0
1980 95 0.0 316.0 0
1981 96 0.0 316.0 0
1982 97 0.0 316.0 0
1983 98 0.0 316.0 0
1984 99 0.0 316.0 0
1985 100 0.0 316.0 0
1986 101 0.0 316.0 0
1987 102 0.0 316.0 0
1988 103 0.0 316.0 0
1989 104 0.0 316.0 0
1990 105 0.0 316.0 0
1991 106 0.0 316.0 0
1992 107 0.0 316.0 3
1993 108 0.0 316.0 3
1994 109 0.0 316.0 0
1995 110 0.0 316.0 0
1996 111 0.0 316.0 0
1997 112 0.0 316.0 0
1998 113 0.0 316.0 0
1999 114 0.0 316.0 0
2000 115 0.0 316.0 0
2001 116 1.0 317.0 0
2002 117 0.0 317.0 3
2003 118 0.0 317.0 3
2004 119 0.0 317.0 0
2005 120 0.0 317.0 0
2006 121 0.0 317.0 2
2007 122 0.0 317.0 0
2008 123 0.0 317.0 0
2009 124 0.0 317.0 0
2010 125 0.0 317.0 0
2011 126 0.0 317.0 0
2012 127 0.0 317.0 0
2013 128 0.0 317.0 0
2014 129 0.0 317.0 0
2015 130 0.0 317.0 0
2016 131 0.0 317.0 0
2017 132 0.0 317.0 0
2018 133 0.0 317.0 0
2019 134 0.0 317.0 0
2020 135 0.0 317.0 2
2021 136 0.0 317.0 0
2022 137 0.0 317.0 0
2023 138 0.0 317.0 0
2024 139 0.0 317.0 0
2025 140 0.0 317.0 0
2026 141 0.0 317.0 0
2027 142 0.0 317.0 0
2028 143 0.0 317.0 0
2029 144 1.0 318.0 0
2030 145 0.0 318.0 0
2031 146 0.0 318.0 0
2032 147 0.0 318.0 0
2033 148 0.0 318.0 2
2034 149 0.0 318.0 0
2035 150 0.0 318.0 0
2036 151 0.0 318.0 0
2037 152 0.0 318.0 0
2038 153 0.0 318.0 0
2039 154 0.0 318.0 0
2040 155 0.0 318.0 2
2041 156 0.0 318.0 0
2042 157 0.0 318.0 0
2043 158 0.0 318.0 0
2044 159 0.0 318.0 3
2045 160 0.0 318.0 3
2046 161 0.0 318.0 3
2047 162 0.0 318.0 0
2048 163 0.0 318.0 0
2049 164 0.0 318.0 0
2050 165 0.0 318.0 0
2051 166 0.0 318.0 0
2052 167 0.0 318.0 0
2053 168 0.0 318.0 0
2054 169 1.0 319.0 0
2055 170 0.0 319.0 0
2056 171 0.0 319.0 0
2057 172 0.0 319.0 3
2058 173 0.0 319.0 3
2059 174 0.0 319.0 0
2060 175 0.0 319.0 0
2061 176 0.0 319.0 0
2062 177 0.0 319.0 0
2063 178 0.0 319.0 2
2064 179 0.0 319.0 0
2065 180 0.0 319.0 2
2066 181 0.0 319.0 0
2067 182 0.0 319.0 0
2068 183 0.0 319.0 0
2069 184 0.0 319.0 0
2070 185 0.0 319.0 0
2071 186 0.0 319.0 0
2072 187 0.0 319.0 0
2073 188 0.0 319.0 0
2074 189 0.0 319.0 3
2075 190 0.0 319.0 3
2076 191 0.0 319.0 0
2077 192 0.0 319.0 0
2078 193 0.0 319.0 0
2079 194 0.0 319.0 0
2080 195 0.0 319.0 0
2081 196 0.0 319.0 0
2082 197 0.0 319.0 0
2083 198 0.0 319.0 0
2084 199 0.0 319.0 0
2085 200 0.0 319.0 0
2086 201 0.0 319.0 1
2087 202 0.0 319.0 0
2088 203 0.0 319.0 0
2089 204 0.0 319.0 0
2090 205 0.0 319.0 0
2091 206 0.0 319.0 0
2092 207 0.0 319.0 0
2093 208 0.0 319.0 0
2094 209 0.0 319.0 0
2095 210 0.0 319.0 0
2096 211 0.0 319.0 0
2097 212 0.0 319.0 0
2098 213 0.0 319.0 0
2099 214 0.0 319.0 0
2100 215 0.0 319.0 0
2101 216 0.0 319.0 0
2102 217 0.0 319.0 0
2103 218 0.0 319.0 0
2104 219 0.0 319.0 0
2105 220 0.0 319.0 2
2106 221 0.0 319.0 2
2107 222 0.0 319.0 2
2108 223 0.0 319.0 0
2109 224 0.0 319.0 0
2110 225 0.0 319.0 0
2111 226 0.0 319.0 0
2112 227 0.0 319.0 0
2113 228 0.0 319.0 0
2114 229 0.0 319.0 0
2115 230 0.0 319.0 0
2116 231 0.0 319.0 0
2117 232 0.0 319.0 0
2118 233 1.0 320.0 0
2119 234 0.0 320.0 0
2120 235 0.0 320.0 0
2121 236 0.0 320.0 2
2122 237 0.0 320.0 0
2123 238 0.0 320.0 0
2124 239 0.0 320.0 0
2125 240 0.0 320.0 0
2126 241 0.0 320.0 0
2127 242 0.0 320.0 0
2128 243 0.0 320.0 0
2129 244 0.0 320.0 0
2130 245 0.0 320.0 2
2131 246 0.0 320.0 0
2132 247 0.0 320.0 0
2133 248 0.0 320.0 0
2134 249 0.0 320.0 0
2135 250 0.0 320.0 0
2136 251 0.0 320.0 0
2137 252 0.0 320.0 0
2138 253 0.0 320.0 3
2139 254 0.0 320.0 0
2140 255 0.0 320.0 0
2141 256 0.0 320.0 0
2142 257 0.0 320.0 0
2143 258 0.0 320.0 0
2144 259 0.0 320.0 0
2145 260 0.0 320.0 0
2146 261 0.0 320.0 0
2147 262 0.0 320.0 0
2148 263 0.0 320.0 0
2149 264 0.0 320.0 0
2150 265 1.0 321.0 0
2151 266 0.0 321.0 0
2152 267 0.0 321.0 0
2153 268 0.0 321.0 0
2154 269 0.0 321.0 3
2155 270 0.0 321.0 0
2156 271 0.0 321.0 0
2157 272 0.0 321.0 0
2158 273 0.0 321.0 3
2159 274 0.0 321.0 0
2160 275 0.0 321.0 0
2161 276 0.0 321.0 0
2162 277 0.0 321.0 0
2163 278 0.0 321.0 0
2164 279 0.0 321.0 0
2165 280 0.0 321.0 0
2166 281 0.0 321.0 0
2167 282 0.0 321.0 0
2168 283 0.0 321.0 0
2169 284 0.0 321.0 2
2170 285 0.0 321.0 2
2171 286 0.0 321.0 0
2172 287 0.0 321.0 0
2173 288 0.0 321.0 0
2174 289 0.0 321.0 0
2175 290 0.0 321.0 0
2176 291 0.0 321.0 0
2177 292 0.0 321.0 0
2178 293 0.0 321.0 0
2179 294 0.0 321.0 0
2180 295 0.0 321.0 0
2181 296 0.0 321.0 0
2182 297 0.0 321.0 0
2183 298 0.0 321.0 0
2184 299 0.0 321.0 0
2185 300 0.0 321.0 0
2186 301 0.0 321.0 0
2187 302 0.0 321.0 0
2188 303 0.0 321.0 0
2189 304 1.0 322.0 0
2190 305 0.0 322.0 0
2191 306 0.0 322.0 0
2192 307 0.0 322.0 0
2193 308 0.0 322.0 0
2194 309 0.0 322.0 0
2195 310 0.0 322.0 3
2196 311 0.0 322.0 0
2197 312 0.0 322.0 0
2198 313 0.0 322.0 0
2199 314 0.0 322.0 0
2200 315 0.0 322.0 0
2201 316 0.0 322.0 0
2202 317 0.0 322.0 0
2203 318 0.0 322.0 0
2204 319 0.0 322.0 3
2205 320 0.0 322.0 0
2206 321 0.0 322.0 0
2207 322 0.0 322.0 0
2208 323 0.0 322.0 0
2209 324 0.0 322.0 0
2210 325 0.0 322.0 0
2211 326 0.0 322.0 0
2212 327 0.0 322.0 0
2213 328 0.0 322.0 0
2214 329 0.0 322.0 0
2215 330 0.0 322.0 0
2216 331 0.0 322.0 0
2217 332 0.0 322.0 0
2218 333 0.0 322.0 0
2219 334 0.0 322.0 0
2220 335 0.0 322.0 0
2221 336 0.0 322.0 2
2222 337 0.0 322.0 2
2223 338 0.0 322.0 0
2224 339 1.0 323.0 0
2225 340 0.0 323.0 0
2226 341 0.0 323.0 0
2227 342 0.0 323.0 0
2228 343 0.0 323.0 0
2229 344 0.0 323.0 0
2230 345 0.0 323.0 0
2231 346 0.0 323.0 0
2232 347 0.0 323.0 0
2233 348 0.0 323.0 0
2234 349 0.0 323.0 0
2235 350 0.0 323.0 0
2236 351 0.0 323.0 0
2237 352 0.0 323.0 0
2238 353 0.0 323.0 0
2239 354 0.0 323.0 0
2240 355 0.0 323.0 0
2241 356 0.0 323.0 0
2242 357 0.0 323.0 0
2243 358 0.0 323.0 3
2244 359 0.0 323.0 0
2245 360 0.0 323.0 0
2246 361 0.0 323.0 0
2247 362 0.0 323.0 0
2248 363 1.0 324.0 0
2249 364 0.0 324.0 3
2250 365 0.0 324.0 3
2251 366 0.0 324.0 0
2252 367 0.0 324.0 2
2253 368 0.0 324.0 2
2254 369 0.0 324.0 0
2255 370 0.0 324.0 0
2256 371 0.0 324.0 3
2257 372 0.0 324.0 0
2258 373 0.0 324.0 0
2259 374 0.0 324.0 0
2260 375 0.0 324.0 0
2261 376 0.0 324.0 0
2262 377 0.0 324.0 0
2263 378 0.0 324.0 2
2264 379 0.0 324.0 0
2265 380 0.0 324.0 0
2266 381 0.0 324.0 0
2267 382 0.0 324.0 0
2268 383 0.0 324.0 0
2269 384 0.0 324.0 0
2270 385 0.0 324.0 0
2271 386 0.0 324.0 0
2272 387 1.0 325.0 0
2273 388 0.0 325.0 0
2274 389 0.0 325.0 0
2275 390 0.0 325.0 0
2276 391 0.0 325.0 0
2277 392 0.0 325.0 2
2278 393 0.0 325.0 0
2279 394 0.0 325.0 0
2280 395 0.0 325.0 0
2281 396 0.0 325.0 0
2282 397 0.0 325.0 0
2283 398 0.0 325.0 0
2284 399 0.0 325.0 0
2285 400 0.0 325.0 0
2286 401 0.0 325.0 0
2287 402 0.0 325.0 0
2288 403 0.0 325.0 0
2289 404 0.0 325.0 0
2290 405 0.0 325.0 0
2291 406 0.0 325.0 0
2292 407 0.0 325.0 0
2293 408 0.0 325.0 0
2294 409 0.0 325.0 0
2295 410 0.0 325.0 0
2296 411 1.0 326.0 0
2297 412 0.0 326.0 0
2298 413 0.0 326.0 0
2299 414 0.0 326.0 3
2300 415 0.0 326.0 0
2301 416 0.0 326.0 0
2302 417 0.0 326.0 0
2303 418 0.0 326.0 3
2304 419 0.0 326.0 0
2305 420 0.0 326.0 0
2306 421 0.0 326.0 0
2307 422 0.0 326.0 0
2308 423 0.0 326.0 0
2309 424 0.0 326.0 0
2310 425 0.0 326.0 2
2311 426 0.0 326.0 0
2312 427 0.0 326.0 0
2313 428 0.0 326.0 0
2314 429 0.0 326.0 0
2315 430 0.0 326.0 0
2316 431 0.0 326.0 0
2317 432 0.0 326.0 0
2318 433 0.0 326.0 0
2319 434 0.0 326.0 0
2320 435 0.0 326.0 0
2321 436 0.0 326.0 0
2322 437 0.0 326.0 0
2323 438 0.0 326.0 0
2324 439 0.0 326.0 0
2325 440 0.0 326.0 0
2326 441 0.0 326.0 0
2327 442 0.0 326.0 0
2328 443 0.0 326.0 0
2329 444 0.0 326.0 0
2330 445 0.0 326.0 0
2331 446 1.0 327.0 0
2332 447 0.0 327.0 0
2333 448 0.0 327.0 0
2334 449 0.0 327.0 0
2335 450 0.0 327.0 0
2336 451 0.0 327.0 0
2337 452 0.0 327.0 0
2338 453 0.0 327.0 0
2339 454 0.0 327.0 0
2340 455 0.0 327.0 0
2341 456 0.0 327.0 0
2342 457 0.0 327.0 0
2343 458 0.0 327.0 0
2344 459 0.0 327.0 3
2345 460 0.0 327.0 3
2346 461 0.0 327.0 0
2347 462 0.0 327.0 0
2348 463 0.0 327.0 0
2349 464 0.0 327.0 0
2350 465 0.0 327.0 0
2351 466 0.0 327.0 0
2352 467 0.0 327.0 0
2353 468 0.0 327.0 0
2354 469 0.0 327.0 0
2355 470 0.0 327.0 0
2356 471 0.0 327.0 0
2357 472 0.0 327.0 0
2358 473 0.0 327.0 0
2359 474 0.0 327.0 2
2360 475 0.0 327.0 2
2361 476 0.0 327.0 0
2362 477 0.0 327.0 0
2363 478 0.0 327.0 0
2364 479 0.0 327.0 0
2365 480 0.0 327.0 0
2366 481 0.0 327.0 0
2367 482 0.0 327.0 0
2368 483 0.0 327.0 0
2369 484 0.0 327.0 0
2370 485 0.0 327.0 0
2371 486 0.0 327.0 0
2372 487 0.0 327.0 0
2373 488 0.0 327.0 0
2374 489 0.0 327.0 0
2375 490 0.0 327.0 0
2376 491 0.0 327.0 0
2377 492 0.0 327.0 0
2378 493 1.0 328.0 0
2379 494 0.0 328.0 0
2380 495 0.0 328.0 0
2381 496 0.0 328.0 0
2382 497 0.0 328.0 0
2383 498 0.0 328.0 0
2384 499 0.0 328.0 0
2385 500 0.0 328.0 0
2386 501 0.0 328.0 0
2387 502 0.0 328.0 0
2388 503 0.0 328.0 0
2389 504 0.0 328.0 0
2390 505 0.0 328.0 0
2391 506 0.0 328.0 0
2392 507 0.0 328.0 0
2393 508 0.0 328.0 2
2394 509 0.0 328.0 0
2395 510 0.0 328.0 0
2396 511 0.0 328.0 0
2397 512 0.0 328.0 0
2398 513 0.0 328.0 0
2399 514 0.0 328.0 2
2400 515 0.0 328.0 0
2401 516 0.0 328.0 0
2402 517 0.0 328.0 0
2403 518 0.0 328.0 0
2404 519 0.0 328.0 0
2405 520 0.0 328.0 3
2406 521 0.0 328.0 3
2407 522 0.0 328.0 0
2408 523 0.0 328.0 0
2409 524 0.0 328.0 0
2410 525 0.0 328.0 0
2411 526 0.0 328.0 0
2412 527 0.0 328.0 0
2413 528 0.0 328.0 0
2414 529 0.0 328.0 0
2415 530 0.0 328.0 0
2416 531 0.0 328.0 0
2417 532 0.0 328.0 0
2418 533 0.0 328.0 0
2419 534 0.0 328.0 0
2420 535 0.0 328.0 0
2421 536 0.0 328.0 0
2422 537 0.0 328.0 0
2423 538 0.0 328.0 0
2424 539 0.0 328.0 0
2425 540 0.0 328.0 0
2426 541 1.0 329.0 0
2427 542 0.0 329.0 0
2428 543 0.0 329.0 0
2429 544 0.0 329.0 0
2430 545 0.0 329.0 0
2431 546 0.0 329.0 0
2432 547 0.0 329.0 0
2433 548 0.0 329.0 0
2434 549 0.0 329.0 0
2435 550 0.0 329.0 0
2436 551 0.0 329.0 0
2437 552 0.0 329.0 0
2438 553 0.0 329.0 0
2439 554 0.0 329.0 3
2440 555 0.0 329.0 3
2441 556 0.0 329.0 0
2442 557 0.0 329.0 0
2443 558 0.0 329.0 0
2444 559 0.0 329.0 0
2445 560 0.0 329.0 0
2446 561 0.0 329.0 0
2447 562 0.0 329.0 0
2448 563 0.0 329.0 3
2449 564 0.0 329.0 3
2450 565 0.0 329.0 0
2451 566 0.0 329.0 0
2452 567 0.0 329.0 0
2453 568 0.0 329.0 2
2454 569 0.0 329.0 2
2455 570 0.0 329.0 0
2456 571 0.0 329.0 0
2457 572 0.0 329.0 0
2458 573 0.0 329.0 0
2459 574 0.0 329.0 0
2460 575 0.0 329.0 0
2461 576 0.0 329.0 0
2462 577 0.0 329.0 0
2463 578 0.0 329.0 0
2464 579 0.0 329.0 0
2465 580 0.0 329.0 0
2466 581 0.0 329.0 0
2467 582 0.0 329.0 0
2468 583 0.0 329.0 0
2469 584 0.0 329.0 0
2470 585 0.0 329.0 0
2471 586 0.0 329.0 0
2472 587 0.0 329.0 0
2473 588 0.0 329.0 0
2474 589 0.0 329.0 0
2475 590 1.0 330.0 0
2476 591 0.0 330.0 0
2477 592 0.0 330.0 0
2478 593 0.0 330.0 0
2479 594 0.0 330.0 0
2480 595 0.0 330.0 0
2481 596 0.0 330.0 2
2482 597 0.0 330.0 0
2483 598 0.0 330.0 0
2484 599 0.0 330.0 0
2485 600 0.0 330.0 0
2486 601 0.0 330.0 0
2487 602 0.0 330.0 0
2488 603 0.0 330.0 0
2489 604 0.0 330.0 0
2490 605 0.0 330.0 0
2491 606 0.0 330.0 0
2492 607 0.0 330.0 0
2493 608 0.0 330.0 0
2494 609 0.0 330.0 2
2495 610 0.0 330.0 0
2496 611 0.0 330.0 0
2497 612 0.0 330.0 0
2498 613 0.0 330.0 0
2499 614 0.0 330.0 2
2500 615 0.0 330.0 0
2501 616 0.0 330.0 0
2502 617 0.0 330.0 3
2503 618 0.0 330.0 3
2504 619 0.0 330.0 0
2505 620 0.0 330.0 0
2506 621 0.0 330.0 0
2507 622 0.0 330.0 0
2508 623 0.0 330.0 0
2509 624 0.0 330.0 0
2510 625 0.0 330.0 0
2511 626 0.0 330.0 0
2512 627 4.0 334.0 0
2513 628 0.0 334.0 0
2514 629 0.0 334.0 3
2515 630 0.0 334.0 3
2516 631 0.0 334.0 0
2517 632 0.0 334.0 0
2518 633 0.0 334.0 0
2519 634 0.0 334.0 0
2520 635 0.0 334.0 0
2521 636 0.0 334.0 0
2522 637 0.0 334.0 0
2523 638 0.0 334.0 0
2524 639 0.0 334.0 0
2525 640 0.0 334.0 0
2526 641 0.0 334.0 0
2527 642 0.0 334.0 0
2528 643 0.0 334.0 0
2529 644 0.0 334.0 0
2530 645 0.0 334.0 2
2531 646 0.0 334.0 2
2532 647 0.0 334.0 0
2533 648 0.0 334.0 0
2534 649 0.0 334.0 0
2535 650 0.0 334.0 0
2536 651 0.0 334.0 0
2537 652 0.0 334.0 0
2538 653 0.0 334.0 0
2539 654 4.0 338.0 0
2540 655 0.0 338.0 0
2541 656 0.0 338.0 0
2542 657 0.0 338.0 2
2543 658 0.0 338.0 2
2544 659 0.0 338.0 2
2545 660 0.0 338.0 0
2546 661 0.0 338.0 0
2547 662 0.0 338.0 0
2548 663 0.0 338.0 0
2549 664 0.0 338.0 0
2550 665 0.0 338.0 3
2551 666 0.0 338.0 3
2552 667 0.0 338.0 3
2553 668 0.0 338.0 0
2554 669 0.0 338.0 0
2555 670 0.0 338.0 0
2556 671 4.0 342.0 0
2557 672 0.0 342.0 0
2558 673 0.0 342.0 3
2559 674 0.0 342.0 3
2560 675 0.0 342.0 0
2561 676 0.0 342.0 0
2562 677 0.0 342.0 3
2563 678 0.0 342.0 0
2564 679 0.0 342.0 0
2565 680 0.0 342.0 2
2566 681 0.0 342.0 2
2567 682 0.0 342.0 2
2568 683 0.0 342.0 0
2569 684 0.0 342.0 0
2570 685 0.0 342.0 0
2571 686 1.0 343.0 0
2572 687 0.0 343.0 0
2573 688 0.0 343.0 0
2574 689 0.0 343.0 0
2575 690 0.0 343.0 2
2576 691 0.0 343.0 0
2577 692 0.0 343.0 0
2578 693 0.0 343.0 0
2579 694 0.0 343.0 0
2580 695 0.0 343.0 0
2581 696 0.0 343.0 0
2582 697 0.0 343.0 0
2583 698 0.0 343.0 0
2584 699 0.0 343.0 0
2585 700 0.0 343.0 0
2586 701 1.0 344.0 0
2587 702 0.0 344.0 0
2588 703 0.0 344.0 3
2589 704 0.0 344.0 0
2590 705 0.0 344.0 0
2591 706 0.0 344.0 0
2592 707 0.0 344.0 0
2593 708 0.0 344.0 0
2594 709 0.0 344.0 0
2595 710 0.0 344.0 0
2596 711 0.0 344.0 0
2597 712 0.0 344.0 0
2598 713 0.0 344.0 0
2599 714 0.0 344.0 0
2600 715 1.0 345.0 3
2601 716 0.0 345.0 0
2602 717 0.0 345.0 0
2603 718 0.0 345.0 0
2604 719 0.0 345.0 0
2605 720 0.0 345.0 0
2606 721 0.0 345.0 0
2607 722 0.0 345.0 0
2608 723 0.0 345.0 0
2609 724 0.0 345.0 0
2610 725 0.0 345.0 0
2611 726 0.0 345.0 2
2612 727 0.0 345.0 0
2613 728 0.0 345.0 0
2614 729 0.0 345.0 0
2615 730 1.0 346.0 0
2616 731 0.0 346.0 0
2617 732 0.0 346.0 0
2618 733 0.0 346.0 0
2619 734 0.0 346.0 0
2620 735 0.0 346.0 0
2621 736 0.0 346.0 0
2622 737 0.0 346.0 0
2623 738 0.0 346.0 0
2624 739 0.0 346.0 0
2625 740 0.0 346.0 0
2626 741 0.0 346.0 0
2627 742 0.0 346.0 0
2628 743 0.0 346.0 0
2629 744 0.0 346.0 0
2630 745 1.0 347.0 0
2631 746 0.0 347.0 0
2632 747 0.0 347.0 0
2633 748 0.0 347.0 0
2634 749 0.0 347.0 2
2635 750 0.0 347.0 0
2636 751 0.0 347.0 0
2637 752 0.0 347.0 0
2638 753 0.0 347.0 0
2639 754 0.0 347.0 0
2640 755 0.0 347.0 0
2641 756 0.0 347.0 0
2642 757 0.0 347.0 0
2643 758 0.0 347.0 0
2644 759 0.0 347.0 0
2645 760 4.0 351.0 0
2646 761 0.0 351.0 0
2647 762 0.0 351.0 0
2648 763 0.0 351.0 0
2649 764 0.0 351.0 3
2650 765 0.0 351.0 0
2651 766 0.0 351.0 0
2652 767 0.0 351.0 0
2653 768 0.0 351.0 0
2654 769 0.0 351.0 0
2655 770 0.0 351.0 0
2656 771 0.0 351.0 0
2657 772 0.0 351.0 0
2658 773 0.0 351.0 0
2659 774 0.0 351.0 0
2660 775 0.0 351.0 0
2661 776 1.0 352.0 0
2662 777 0.0 352.0 0
2663 778 0.0 352.0 0
2664 779 0.0 352.0 0
2665 780 0.0 352.0 0
2666 781 0.0 352.0 3
2667 782 0.0 352.0 0
2668 783 0.0 352.0 0
2669 784 0.0 352.0 0
2670 785 0.0 352.0 0
2671 786 0.0 352.0 0
2672 787 0.0 352.0 2
2673 788 0.0 352.0 2
2674 789 0.0 352.0 0
2675 790 0.0 352.0 0
2676 791 1.0 353.0 0
2677 792 0.0 353.0 0
2678 793 0.0 353.0 0
2679 794 0.0 353.0 2
2680 795 0.0 353.0 0
2681 796 0.0 353.0 0
2682 797 0.0 353.0 0
2683 798 0.0 353.0 0
2684 799 0.0 353.0 0
2685 800 0.0 353.0 3
2686 801 0.0 353.0 3
2687 802 0.0 353.0 3
2688 803 0.0 353.0 0
2689 804 0.0 353.0 0
2690 805 0.0 353.0 0
2691 806 4.0 357.0 0
2692 807 0.0 357.0 0
2693 808 0.0 357.0 0
2694 809 0.0 357.0 0
2695 810 0.0 357.0 0
2696 811 0.0 357.0 0
2697 812 0.0 357.0 0
2698 813 0.0 357.0 0
2699 814 0.0 357.0 0
2700 815 0.0 357.0 0
2701 816 0.0 357.0 0
2702 817 0.0 357.0 0
2703 818 0.0 357.0 0
2704 819 0.0 357.0 0
2705 820 0.0 357.0 0
2706 821 0.0 357.0 0
2707 822 1.0 358.0 0
2708 823 0.0 358.0 0
2709 824 0.0 358.0 0
2710 825 0.0 358.0 0
2711 826 0.0 358.0 0
2712 827 0.0 358.0 2
2713 828 0.0 358.0 0
2714 829 0.0 358.0 0
2715 830 0.0 358.0 0
2716 831 0.0 358.0 0
2717 832 0.0 358.0 0
2718 833 0.0 358.0 0
2719 834 0.0 358.0 0
2720 835 0.0 358.0 0
2721 836 0.0 358.0 0
2722 837 1.0 359.0 0
2723 838 0.0 359.0 0
2724 839 0.0 359.0 0
2725 840 0.0 359.0 2
2726 841 0.0 359.0 0
2727 842 0.0 359.0 0
2728 843 0.0 359.0 0
2729 844 0.0 359.0 0
2730 845 0.0 359.0 0
2731 846 0.0 359.0 0
2732 847 0.0 359.0 0
2733 848 0.0 359.0 0
2734 849 0.0 359.0 3
2735 850 0.0 359.0 3
2736 851 0.0 359.0 0
2737 852 1.0 360.0 0
2738 853 0.0 360.0 0
2739 854 0.0 360.0 0
2740 855 0.0 360.0 3
2741 856 0.0 360.0 0
2742 857 0.0 360.0 0
2743 858 0.0 360.0 0
2744 859 0.0 360.0 0
2745 860 0.0 360.0 0
2746 861 0.0 360.0 0
2747 862 0.0 360.0 0
2748 863 0.0 360.0 2
2749 864 0.0 360.0 2
2750 865 0.0 360.0 0
2751 866 0.0 360.0 0
2752 867 0.0 360.0 0
2753 868 4.0 364.0 0
2754 869 0.0 364.0 2
2755 870 0.0 364.0 2
2756 871 0.0 364.0 0
2757 872 0.0 364.0 0
2758 873 0.0 364.0 3
2759 874 0.0 364.0 0
2760 875 0.0 364.0 0
2761 876 0.0 364.0 0
2762 877 0.0 364.0 0
2763 878 0.0 364.0 0
2764 879 0.0 364.0 0
2765 880 0.0 364.0 0
2766 881 0.0 364.0 0
2767 882 0.0 364.0 0
2768 883 1.0 365.0 0
2769 884 0.0 365.0 0
2770 885 0.0 365.0 0
2771 886 0.0 365.0 3
2772 887 0.0 365.0 0
2773 888 0.0 365.0 0
2774 889 0.0 365.0 0
2775 890 0.0 365.0 0
2776 891 0.0 365.0 0
2777 892 0.0 365.0 0
2778 893 0.0 365.0 0
2779 894 0.0 365.0 0
2780 895 0.0 365.0 0
2781 896 0.0 365.0 0
2782 897 0.0 365.0 0
2783 898 0.0 365.0 0
2784 899 4.0 369.0 0
2785 900 0.0 369.0 3
2786 901 0.0 369.0 0
2787 902 0.0 369.0 0
2788 903 0.0 369.0 0
2789 904 0.0 369.0 0
2790 905 0.0 369.0 0
2791 906 0.0 369.0 2
2792 907 0.0 369.0 2
2793 908 0.0 369.0 0
2794 909 0.0 369.0 0
2795 910 0.0 369.0 0
2796 911 0.0 369.0 3
2797 912 0.0 369.0 0
2798 913 0.0 369.0 0
2799 914 0.0 369.0 0
2800 915 0.0 369.0 3
2801 916 0.0 369.0 0
2802 917 0.0 369.0 0
2803 918 0.0 369.0 0
2804 919 0.0 369.0 1
2805 920 0.0 369.0 0
2806 921 0.0 369.0 3
2807 922 0.0 369.0 3
2808 923 0.0 369.0 3
2809 924 0.0 369.0 0
2810 925 0.0 369.0 0
2811 926 0.0 369.0 0
2812 927 0.0 369.0 0
2813 928 0.0 369.0 0
2814 929 0.0 369.0 0
2815 930 0.0 369.0 0
2816 931 0.0 369.0 0
2817 932 0.0 369.0 0
2818 933 0.0 369.0 0
2819 934 0.0 369.0 0
2820 935 0.0 369.0 0
2821 936 0.0 369.0 0
2822 937 0.0 369.0 0
2823 938 0.0 369.0 0
2824 939 0.0 369.0 2
2825 940 0.0 369.0 2
2826 941 0.0 369.0 2
2827 942 0.0 369.0 0
2828 943 0.0 369.0 0
2829 944 0.0 369.0 0
2830 945 0.0 369.0 0
2831 946 0.0 369.0 0
2832 947 0.0 369.0 0
2833 948 0.0 369.0 0
2834 949 0.0 369.0 0
2835 950 0.0 369.0 0
2836 951 0.0 369.0 0
2837 952 1.0 370.0 0
2838 953 0.0 370.0 0
2839 954 0.0 370.0 2
2840 955 0.0 370.0 2
2841 956 0.0 370.0 0
2842 957 0.0 370.0 0
2843 958 0.0 370.0 0
2844 959 0.0 370.0 0
2845 960 0.0 370.0 0
2846 961 0.0 370.0 0
2847 962 0.0 370.0 0
2848 963 0.0 370.0 0
2849 964 0.0 370.0 0
2850 965 0.0 370.0 0
2851 966 0.0 370.0 0
2852 967 0.0 370.0 0
2853 968 0.0 370.0 0
2854 969 0.0 370.0 0
2855 970 0.0 370.0 0
2856 971 0.0 370.0 3
2857 972 0.0 370.0 3
2858 973 0.0 370.0 0
2859 974 0.0 370.0 0
2860 975 0.0 370.0 0
2861 976 0.0 370.0 0
2862 977 0.0 370.0 0
2863 978 0.0 370.0 0
2864 979 0.0 370.0 0
2865 980 0.0 370.0 0
2866 981 0.0 370.0 0
2867 982 0.0 370.0 0
2868 983 0.0 370.0 0
2869 984 0.0 370.0 0
2870 985 0.0 370.0 0
2871 986 0.0 370.0 0
2872 987 0.0 370.0 0
2873 988 0.0 370.0 0
2874 989 0.0 370.0 0
2875 990 0.0 370.0 0
2876 991 0.0 370.0 0
2877 992 1.0 371.0 0
2878 993 0.0 371.0 0
2879 994 0.0 371.0 0
2880 995 0.0 371.0 0
2881 996 0.0 371.0 0
2882 997 0.0 371.0 0
2883 998 0.0 371.0 0
2884 999 0.0 371.0 0
2885 1000 0.0 371.0 0
2886 1001 0.0 371.0 0
2887 1002 0.0 371.0 2
2888 1003 0.0 371.0 0
2889 1004 0.0 371.0 0
2890 1005 0.0 371.0 0
2891 1006 0.0 371.0 0
2892 1007 0.0 371.0 0
2893 1008 0.0 371.0 2
2894 1009 0.0 371.0 0
2895 1010 0.0 371.0 0
2896 1011 0.0 371.0 0
2897 1012 0.0 371.0 0
2898 1013 0.0 371.0 0
2899 1014 0.0 371.0 0
2900 1015 0.0 371.0 0
2901 1016 0.0 371.0 0
2902 1017 0.0 371.0 0
2903 1018 0.0 371.0 0
2904 1019 0.0 371.0 0
2905 1020 0.0 371.0 3
2906 1021 0.0 371.0 3
2907 1022 0.0 371.0 0
2908 1023 0.0 371.0 0
2909 1024 0.0 371.0 0
2910 1025 0.0 371.0 0
2911 1026 0.0 371.0 0
2912 1027 0.0 371.0 0
2913 1028 0.0 371.0 0
2914 1029 0.0 371.0 0
2915 1030 0.0 371.0 0
2916 1031 0.0 371.0 0
2917 1032 1.0 372.0 0
2918 1033 0.0 372.0 0
2919 1034 0.0 372.0 0
2920 1035 0.0 372.0 0
2921 1036 0.0 372.0 3
2922 1037 0.0 372.0 3
2923 1038 0.0 372.0 0
2924 1039 0.0 372.0 0
2925 1040 0.0 372.0 0
2926 1041 0.0 372.0 0
2927 1042 0.0 372.0 0
2928 1043 0.0 372.0 0
2929 1044 0.0 372.0 0
2930 1045 0.0 372.0 0
2931 1046 0.0 372.0 0
2932 1047 0.0 372.0 0
2933 1048 0.0 372.0 0
2934 1049 0.0 372.0 0
2935 1050 0.0 372.0 0
2936 1051 0.0 372.0 0
2937 1052 0.0 372.0 0
2938 1053 0.0 372.0 2
2939 1054 0.0 372.0 2
2940 1055 0.0 372.0 0
2941 1056 0.0 372.0 0
2942 1057 0.0 372.0 0
2943 1058 0.0 372.0 0
2944 1059 0.0 372.0 0
2945 1060 0.0 372.0 0
2946 1061 0.0 372.0 0
2947 1062 0.0 372.0 0
2948 1063 4.0 376.0 0
2949 1064 0.0 376.0 0
2950 1065 0.0 376.0 2
2951 1066 0.0 376.0 2
2952 1067 0.0 376.0 0
2953 1068 0.0 376.0 0
2954 1069 0.0 376.0 0
2955 1070 0.0 376.0 0
2956 1071 0.0 376.0 0
2957 1072 0.0 376.0 2
2958 1073 0.0 376.0 2
2959 1074 0.0 376.0 0
2960 1075 0.0 376.0 0
2961 1076 0.0 376.0 0
2962 1077 0.0 376.0 0
2963 1078 0.0 376.0 3
2964 1079 0.0 376.0 3
2965 1080 0.0 376.0 3
2966 1081 0.0 376.0 0
2967 1082 0.0 376.0 0
2968 1083 0.0 376.0 0
2969 1084 0.0 376.0 0
2970 1085 0.0 376.0 0
2971 1086 0.0 376.0 0
2972 1087 0.0 376.0 0
2973 1088 1.0 377.0 0
2974 1089 0.0 377.0 0
2975 1090 0.0 377.0 0
2976 1091 0.0 377.0 0
2977 1092 0.0 377.0 0
2978 1093 0.0 377.0 0
2979 1094 0.0 377.0 0
2980 1095 0.0 377.0 0
2981 1096 0.0 377.0 0
2982 1097 0.0 377.0 0
2983 1098 0.0 377.0 0
2984 1099 0.0 377.0 0
2985 1100 0.0 377.0 0
2986 1101 0.0 377.0 3
2987 1102 0.0 377.0 0
2988 1103 0.0 377.0 0
2989 1104 0.0 377.0 0
2990 1105 0.0 377.0 0
2991 1106 0.0 377.0 0
2992 1107 0.0 377.0 0
2993 1108 0.0 377.0 0
2994 1109 0.0 377.0 0
2995 1110 0.0 377.0 0
2996 1111 0.0 377.0 0
2997 1112 0.0 377.0 0
2998 1113 0.0 377.0 0
2999 1114 4.0 381.0 0
3000 1115 0.0 381.0 0
3001 1116 0.0 381.0 0
3002 1117 0.0 381.0 0
3003 1118 0.0 381.0 0
3004 1119 0.0 381.0 0
3005 1120 0.0 381.0 0
3006 1121 0.0 381.0 0
3007 1122 0.0 381.0 0
3008 1123 0.0 381.0 0
3009 1124 0.0 381.0 0
3010 1125 0.0 381.0 0
3011 1126 0.0 381.0 0
3012 1127 0.0 381.0 0
3013 1128 0.0 381.0 0
3014 1129 0.0 381.0 0
3015 1130 0.0 381.0 0
3016 1131 0.0 381.0 0
3017 1132 0.0 381.0 0
3018 1133 0.0 381.0 0
3019 1134 0.0 381.0 3
3020 1135 0.0 381.0 0
3021 1136 0.0 381.0 0
3022 1137 0.0 381.0 0
3023 1138 0.0 381.0 0
3024 1139 0.0 381.0 0
3025 1140 0.0 381.0 0
3026 1141 4.0 385.0 0
3027 1142 0.0 385.0 0
3028 1143 0.0 385.0 0
3029 1144 0.0 385.0 0
3030 1145 0.0 385.0 3
3031 1146 0.0 385.0 0
3032 1147 0.0 385.0 0
3033 1148 0.0 385.0 0
3034 1149 0.0 385.0 0
3035 1150 0.0 385.0 0
3036 1151 0.0 385.0 3
3037 1152 0.0 385.0 0
3038 1153 0.0 385.0 0
3039 1154 0.0 385.0 0
3040 1155 0.0 385.0 2
3041 1156 0.0 385.0 2
3042 1157 0.0 385.0 2
3043 1158 0.0 385.0 0
3044 1159 0.0 385.0 0
3045 1160 0.0 385.0 0
3046 1161 0.0 385.0 0
3047 1162 0.0 385.0 0
3048 1163 0.0 385.0 0
3049 1164 0.0 385.0 0
3050 1165 0.0 385.0 0
3051 1166 0.0 385.0 0
3052 1167 0.0 385.0 0
3053 1168 0.0 385.0 0
3054 1169 0.0 385.0 0
3055 1170 0.0 385.0 0
3056 1171 0.0 385.0 0
3057 1172 0.0 385.0 0
3058 1173 0.0 385.0 0
3059 1174 0.0 385.0 0
3060 1175 0.0 385.0 0
3061 1176 0.0 385.0 0
3062 1177 0.0 385.0 0
3063 1178 0.0 385.0 0
3064 1179 1.0 386.0 0
3065 1180 0.0 386.0 0
3066 1181 0.0 386.0 0
3067 1182 0.0 386.0 0
3068 1183 0.0 386.0 0
3069 1184 0.0 386.0 0
3070 1185 0.0 386.0 0
3071 1186 0.0 386.0 0
3072 1187 0.0 386.0 0
3073 1188 0.0 386.0 0
3074 1189 0.0 386.0 0
3075 1190 0.0 386.0 0
3076 1191 0.0 386.0 0
3077 1192 0.0 386.0 0
3078 1193 0.0 386.0 0
3079 1194 0.0 386.0 2
3080 1195 0.0 386.0 0
3081 1196 0.0 386.0 0
3082 1197 0.0 386.0 0
3083 1198 0.0 386.0 0
3084 1199 0.0 386.0 2
3085 1200 0.0 386.0 0
3086 1201 0.0 386.0 0
3087 1202 0.0 386.0 0
3088 1203 0.0 386.0 0
3089 1204 0.0 386.0 2
3090 1205 0.0 386.0 0
3091 1206 0.0 386.0 3
3092 1207 0.0 386.0 3
3093 1208 0.0 386.0 3
3094 1209 0.0 386.0 0
3095 1210 0.0 386.0 0
3096 1211 0.0 386.0 0
3097 1212 0.0 386.0 0
3098 1213 0.0 386.0 0
3099 1214 0.0 386.0 0
3100 1215 0.0 386.0 0
3101 1216 0.0 386.0 0
3102 1217 0.0 386.0 0
3103 1218 0.0 386.0 0
3104 1219 0.0 386.0 0
3105 1220 0.0 386.0 0
3106 1221 0.0 386.0 0
3107 1222 0.0 386.0 0
3108 1223 0.0 386.0 0
3109 1224 0.0 386.0 0
3110 1225 0.0 386.0 0
3111 1226 0.0 386.0 0
3112 1227 0.0 386.0 0
3113 1228 0.0 386.0 0
3114 1229 0.0 386.0 0
3115 1230 0.0 386.0 0
3116 1231 0.0 386.0 0
3117 1232 0.0 386.0 0
3118 1233 4.0 390.0 0
3119 1234 0.0 390.0 0
3120 1235 0.0 390.0 0
3121 1236 0.0 390.0 0
3122 1237 0.0 390.0 2
3123 1238 0.0 390.0 2
3124 1239 0.0 390.0 2
3125 1240 0.0 390.0 2
3126 1241 0.0 390.0 0
3127 1242 0.0 390.0 0
3128 1243 0.0 390.0 3
3129 1244 0.0 390.0 3
3130 1245 0.0 390.0 3
3131 1246 0.0 390.0 3
3132 1247 0.0 390.0 0
3133 1248 0.0 390.0 0
3134 1249 4.0 394.0 0
3135 1250 0.0 394.0 0
3136 1251 0.0 394.0 3
3137 1252 0.0 394.0 3
3138 1253 0.0 394.0 3
3139 1254 0.0 394.0 0
3140 1255 0.0 394.0 0
3141 1256 0.0 394.0 0
3142 1257 0.0 394.0 0
3143 1258 0.0 394.0 2
3144 1259 0.0 394.0 2
3145 1260 0.0 394.0 2
3146 1261 0.0 394.0 0
3147 1262 0.0 394.0 0
3148 1263 0.0 394.0 0
3149 1264 0.0 394.0 0
3150 1265 4.0 398.0 0
3151 1266 0.0 398.0 2
3152 1267 0.0 398.0 2
3153 1268 0.0 398.0 2
3154 1269 0.0 398.0 2
3155 1270 0.0 398.0 0
3156 1271 0.0 398.0 0
3157 1272 0.0 398.0 0
3158 1273 0.0 398.0 0
3159 1274 0.0 398.0 3
3160 1275 0.0 398.0 3
3161 1276 0.0 398.0 3
3162 1277 0.0 398.0 3
3163 1278 0.0 398.0 0
3164 1279 0.0 398.0 0
3165 1280 0.0 398.0 0
3166 1281 0.0 398.0 0
3167 1282 7.0 405.0 0
3168 1283 0.0 405.0 0
3169 1284 0.0 405.0 3
3170 1285 0.0 405.0 3
3171 1286 0.0 405.0 3
3172 1287 0.0 405.0 3
3173 1288 0.0 405.0 0
3174 1289 0.0 405.0 0
3175 1290 0.0 405.0 0
3176 1291 0.0 405.0 0
3177 1292 0.0 405.0 2
3178 1293 0.0 405.0 2
3179 1294 0.0 405.0 2
3180 1295 0.0 405.0 2
3181 1296 0.0 405.0 0
3182 1297 0.0 405.0 0
3183 1298 0.0 405.0 0
3184 1299 4.0 409.0 0
3185 1300 0.0 409.0 0
3186 1301 0.0 409.0 0
3187 1302 0.0 409.0 0
3188 1303 0.0 409.0 2
3189 1304 0.0 409.0 2
3190 1305 0.0 409.0 0
3191 1306 0.0 409.0 3
3192 1307 0.0 409.0 0
3193 1308 0.0 409.0 2
3194 1309 0.0 409.0 2
3195 1310 0.0 409.0 3
3196 1311 0.0 409.0 3
3197 1312 0.0 409.0 3
3198 1313 0.0 409.0 3
3199 1314 1.0 410.0 0
3200 1315 0.0 410.0 0
3201 1316 0.0 410.0 0
3202 1317 0.0 410.0 0
3203 1318 0.0 410.0 3
3204 1319 0.0 410.0 0
3205 1320 0.0 410.0 0
3206 1321 0.0 410.0 3
3207 1322 0.0 410.0 0
3208 1323 0.0 410.0 0
3209 1324 0.0 410.0 2
3210 1325 0.0 410.0 2
3211 1326 0.0 410.0 0
3212 1327 0.0 410.0 0
3213 1328 0.0 410.0 0
3214 1329 0.0 410.0 0
3215 1330 4.0 414.0 0
3216 1331 0.0 414.0 0
3217 1332 0.0 414.0 0
3218 1333 0.0 414.0 2
3219 1334 0.0 414.0 2
3220 1335 0.0 414.0 0
3221 1336 0.0 414.0 2
3222 1337 0.0 414.0 0
3223 1338 0.0 414.0 3
3224 1339 0.0 414.0 3
3225 1340 0.0 414.0 0
3226 1341 0.0 414.0 0
3227 1342 0.0 414.0 0
3228 1343 0.0 414.0 1
3229 1344 0.0 414.0 0
3230 1345 0.0 414.0 3
3231 1346 0.0 414.0 3
3232 1347 0.0 414.0 3
3233 1348 0.0 414.0 0
3234 1349 0.0 414.0 0
3235 1350 0.0 414.0 0
3236 1351 0.0 414.0 0
3237 1352 0.0 414.0 3
3238 1353 0.0 414.0 0
3239 1354 0.0 414.0 0
3240 1355 0.0 414.0 0
3241 1356 0.0 414.0 0
3242 1357 0.0 414.0 0
3243 1358 0.0 414.0 0
3244 1359 0.0 414.0 0
3245 1360 0.0 414.0 0
3246 1361 0.0 414.0 2
3247 1362 0.0 414.0 2
3248 1363 0.0 414.0 2
3249 1364 0.0 414.0 0
3250 1365 0.0 414.0 0
3251 1366 0.0 414.0 0
3252 1367 0.0 414.0 0
3253 1368 0.0 414.0 0
3254 1369 0.0 414.0 0
3255 1370 0.0 414.0 0
3256 1371 0.0 414.0 0
3257 1372 0.0 414.0 0
3258 1373 0.0 414.0 0
3259 1374 0.0 414.0 0
3260 1375 0.0 414.0 0
3261 1376 0.0 414.0 0
3262 1377 0.0 414.0 0
3263 1378 7.0 421.0 0
3264 1379 0.0 421.0 0
3265 1380 0.0 421.0 2
3266 1381 0.0 421.0 2
3267 1382 0.0 421.0 0
3268 1383 0.0 421.0 2
3269 1384 0.0 421.0 0
3270 1385 0.0 421.0 0
3271 1386 0.0 421.0 0
3272 1387 0.0 421.0 0
3273 1388 0.0 421.0 3
3274 1389 0.0 421.0 3
3275 1390 0.0 421.0 3
3276 1391 0.0 421.0 0
3277 1392 0.0 421.0 0
3278 1393 0.0 421.0 0
3279 1394 0.0 421.0 0
3280 1395 0.0 421.0 0
3281 1396 7.0 428.0 0
3282 1397 0.0 428.0 0
3283 1398 0.0 428.0 0
3284 1399 0.0 428.0 3
3285 1400 0.0 428.0 3
3286 1401 0.0 428.0 3
3287 1402 0.0 428.0 3
3288 1403 0.0 428.0 0
3289 1404 0.0 428.0 0
3290 1405 0.0 428.0 0
3291 1406 0.0 428.0 0
3292 1407 0.0 428.0 2
3293 1408 0.0 428.0 2
3294 1409 0.0 428.0 2
3295 1410 0.0 428.0 2
3296 1411 0.0 428.0 0
3297 1412 0.0 428.0 0
3298 1413 0.0 428.0 0
3299 1414 0.0 428.0 0
3300 1415 7.0 435.0 0
3301 1416 0.0 435.0 0
3302 1417 0.0 435.0 2
3303 1418 0.0 435.0 2
3304 1419 0.0 435.0 0
3305 1420 0.0 435.0 0
3306 1421 0.0 435.0 0
3307 1422 0.0 435.0 0
3308 1423 0.0 435.0 0
3309 1424 0.0 435.0 0
3310 1425 0.0 435.0 3
3311 1426 0.0 435.0 3
3312 1427 0.0 435.0 0
3313 1428 0.0 435.0 0
3314 1429 0.0 435.0 0
3315 1430 0.0 435.0 3
3316 1431 0.0 435.0 0
3317 1432 0.0 435.0 0
3318 1433 0.0 435.0 0
3319 1434 0.0 435.0 0
3320 1435 0.0 435.0 0
3321 1436 0.0 435.0 0
3322 1437 7.0 442.0 0
3323 1438 0.0 442.0 0
3324 1439 0.0 442.0 0
3325 1440 7.0 449.0 0
3326 1441 0.0 449.0 0
3327 1442 0.0 449.0 0
3328 1443 0.0 449.0 0
3329 1444 7.0 456.0 0
3330 1445 0.0 456.0 0
3331 1446 0.0 456.0 0
3332 1447 7.0 463.0 0
3333 1448 0.0 463.0 0
3334 1449 0.0 463.0 0
3335 1450 0.0 463.0 0
3336 1451 7.0 470.0 0
3337 1452 0.0 470.0 0
3338 1453 0.0 470.0 0
3339 1454 7.0 477.0 0
3340 1455 0.0 477.0 0
3341 1456 0.0 477.0 0
3342 1457 0.0 477.0 0
3343 1458 7.0 484.0 0
3344 1459 0.0 484.0 0
3345 1460 0.0 484.0 0
3346 1461 7.0 491.0 0
3347 1462 0.0 491.0 0
3348 1463 0.0 491.0 0
3349 1464 0.0 491.0 0
3350 1465 7.0 498.0 0
3351 1466 0.0 498.0 0
3352 1467 0.0 498.0 0
3353 1468 7.0 505.0 0
3354 1469 0.0 505.0 0
3355 1470 0.0 505.0 0
3356 1471 0.0 505.0 0
3357 1472 7.0 512.0 0
3358 1473 0.0 512.0 0
3359 1474 0.0 512.0 0
3360 1475 7.0 519.0 0
3361 1476 0.0 519.0 0
3362 1477 0.0 519.0 0
3363 1478 0.0 519.0 0
3364 1479 0.0 519.0 0
3365 1480 7.0 526.0 0
3366 1481 0.0 526.0 0
3367 1482 0.0 526.0 0
3368 1483 0.0 526.0 0
3369 1484 0.0 526.0 0
3370 1485 7.0 533.0 0
3371 1486 0.0 533.0 0
3372 1487 0.0 533.0 0
3373 1488 0.0 533.0 0
3374 1489 7.0 540.0 0
3375 1490 0.0 540.0 0
3376 1491 0.0 540.0 0
3377 1492 7.0 547.0 0
3378 1493 0.0 547.0 0
3379 1494 0.0 547.0 0
3380 1495 0.0 547.0 0
3381 1496 7.0 554.0 0
3382 1497 0.0 554.0 0
3383 1498 0.0 554.0 0
3384 1499 0.0 554.0 0
3385 1500 7.0 561.0 0
3386 1501 0.0 561.0 0
3387 1502 0.0 561.0 0
3388 1503 0.0 561.0 0
3389 1504 0.0 561.0 0
3390 1505 0.0 561.0 0
3391 1506 0.0 561.0 0
3392 1507 0.0 561.0 0
3393 1508 0.0 561.0 0
3394 1509 0.0 561.0 0
3395 1510 0.0 561.0 3
3396 1511 0.0 561.0 3
3397 1512 0.0 561.0 3
3398 1513 0.0 561.0 3
3399 1514 0.0 561.0 0
3400 1515 0.0 561.0 2
3401 1516 0.0 561.0 2
3402 1517 0.0 561.0 2
3403 1518 0.0 561.0 0
3404 1519 0.0 561.0 0
3405 1520 0.0 561.0 0
3406 1521 0.0 561.0 0
3407 1522 0.0 561.0 0
3408 1523 0.0 561.0 0
3409 1524 0.0 561.0 0
3410 1525 0.0 561.0 0
3411 1526 0.0 561.0 0
3412 1527 0.0 561.0 0
3413 1528 0.0 561.0 0
3414 1529 4.0 565.0 0
3415 1530 0.0 565.0 0
3416 1531 0.0 565.0 0
3417 1532 0.0 565.0 0
3418 1533 0.0 565.0 0
3419 1534 7.0 572.0 0
3420 1535 0.0 572.0 0
3421 1536 0.0 572.0 0
3422 1537 0.0 572.0 0
3423 1538 0.0 572.0 0
3424 1539 7.0 579.0 0
3425 1540 0.0 579.0 0
3426 1541 0.0 579.0 0
3427 1542 0.0 579.0 0
3428 1543 0.0 579.0 0
3429 1544 7.0 586.0 0
3430 1545 0.0 586.0 0
3431 1546 0.0 586.0 0
3432 1547 0.0 586.0 0
3433 1548 0.0 586.0 0
3434 1549 7.0 593.0 0
3435 1550 0.0 593.0 0
3436 1551 0.0 593.0 0
3437 1552 0.0 593.0 0
3438 1553 0.0 593.0 0
3439 1554 7.0 600.0 0
3440 1555 0.0 600.0 0
3441 1556 0.0 600.0 0
3442 1557 0.0 600.0 0
3443 1558 0.0 600.0 0
3444 1559 0.0 600.0 2
3445 1560 0.0 600.0 2
3446 1561 0.0 600.0 2
3447 1562 0.0 600.0 0
3448 1563 0.0 600.0 0
3449 1564 0.0 600.0 0
3450 1565 0.0 600.0 0
3451 1566 0.0 600.0 0
3452 1567 0.0 600.0 0
3453 1568 0.0 600.0 0
3454 1569 0.0 600.0 0
3455 1570 0.0 600.0 0
3456 1571 0.0 600.0 3
3457 1572 0.0 600.0 3
3458 1573 0.0 600.0 3
3459 1574 0.0 600.0 0
3460 1575 0.0 600.0 0
3461 1576 0.0 600.0 0
3462 1577 0.0 600.0 0
3463 1578 0.0 600.0 0
3464 1579 0.0 600.0 0
3465 1580 0.0 600.0 0
3466 1581 0.0 600.0 0
3467 1582 0.0 600.0 0
3468 1583 4.0 604.0 0
3469 1584 0.0 604.0 0
3470 1585 0.0 604.0 0
3471 1586 0.0 604.0 0
3472 1587 0.0 604.0 0
3473 1588 0.0 604.0 0
3474 1589 4.0 608.0 0
3475 1590 0.0 608.0 0
3476 1591 0.0 608.0 0
3477 1592 0.0 608.0 0
3478 1593 0.0 608.0 0
3479 1594 0.0 608.0 2
3480 1595 0.0 608.0 2
3481 1596 0.0 608.0 2
3482 1597 0.0 608.0 0
3483 1598 0.0 608.0 0
3484 1599 0.0 608.0 0
3485 1600 0.0 608.0 0
3486 1601 0.0 608.0 0
3487 1602 0.0 608.0 0
3488 1603 0.0 608.0 0
3489 1604 0.0 608.0 0
3490 1605 0.0 608.0 3
3491 1606 0.0 608.0 3
3492 1607 0.0 608.0 3
3493 1608 0.0 608.0 0
3494 1609 0.0 608.0 0
3495 1610 0.0 608.0 0
3496 1611 1.0 609.0 0
3497 1612 0.0 609.0 0
3498 1613 0.0 609.0 0
3499 1614 0.0 609.0 3
3500 1615 0.0 609.0 3
3501 1616 0.0 609.0 3
3502 1617 0.0 609.0 0
3503 1618 0.0 609.0 2
3504 1619 0.0 609.0 2
3505 1620 0.0 609.0 2
3506 1621 0.0 609.0 0
3507 1622 0.0 609.0 0
3508 1623 0.0 609.0 0
3509 1624 0.0 609.0 0
3510 1625 0.0 609.0 1
3511 1626 0.0 609.0 0
3512 1627 0.0 609.0 3
3513 1628 0.0 609.0 3
3514 1629 0.0 609.0 3
3515 1630 0.0 609.0 0
3516 1631 0.0 609.0 0
3517 1632 0.0 609.0 0
3518 1633 0.0 609.0 0
3519 1634 0.0 609.0 0
3520 1635 0.0 609.0 0
3521 1636 0.0 609.0 0
3522 1637 0.0 609.0 0
3523 1638 0.0 609.0 0
3524 1639 0.0 609.0 0
3525 1640 0.0 609.0 0
3526 1641 0.0 609.0 2
3527 1642 0.0 609.0 2
3528 1643 0.0 609.0 2
3529 1644 0.0 609.0 0
3530 1645 0.0 609.0 0
3531 1646 0.0 609.0 0
3532 1647 0.0 609.0 0
3533 1648 0.0 609.0 0
3534 1649 0.0 609.0 0
3535 1650 0.0 609.0 0
3536 1651 0.0 609.0 0
3537 1652 0.0 609.0 0
3538 1653 0.0 609.0 0
3539 1654 0.0 609.0 0
3540 1655 0.0 609.0 0
3541 1656 0.0 609.0 0
3542 1657 0.0 609.0 0
3543 1658 0.0 609.0 0
3544 1659 0.0 609.0 0
3545 1660 0.0 609.0 0
3546 1661 0.0 609.0 0
3547 1662 0.0 609.0 0
3548 1663 0.0 609.0 0
3549 1664 0.0 609.0 0
3550 1665 0.0 609.0 0
3551 1666 0.0 609.0 0
3552 1667 0.0 609.0 0
3553 1668 0.0 609.0 0
3554 1669 0.0 609.0 0
3555 1670 0.0 609.0 0
3556 1671 0.0 609.0 0
3557 1672 7.0 616.0 0
3558 1673 0.0 616.0 0
3559 1674 0.0 616.0 0
3560 1675 0.0 616.0 0
3561 1676 0.0 616.0 0
3562 1677 7.0 623.0 0
3563 1678 0.0 623.0 0
3564 1679 0.0 623.0 0
3565 1680 0.0 623.0 0
3566 1681 0.0 623.0 0
3567 1682 7.0 630.0 0
3568 1683 0.0 630.0 0
3569 1684 0.0 630.0 0
3570 1685 0.0 630.0 0
3571 1686 0.0 630.0 0
3572 1687 4.0 634.0 0
3573 1688 0.0 634.0 0
3574 1689 0.0 634.0 0
3575 1690 0.0 634.0 0
3576 1691 0.0 634.0 0
3577 1692 0.0 634.0 0
3578 1693 7.0 641.0 0
3579 1694 0.0 641.0 0
3580 1695 0.0 641.0 0
3581 1696 0.0 641.0 0
3582 1697 0.0 641.0 0
3583 1698 7.0 648.0 0
3584 1699 0.0 648.0 0
3585 1700 0.0 648.0 0
3586 1701 0.0 648.0 0
3587 1702 0.0 648.0 0
3588 1703 0.0 648.0 0
3589 1704 0.0 648.0 0
3590 1705 0.0 648.0 2
3591 1706 0.0 648.0 2
3592 1707 0.0 648.0 2
3593 1708 0.0 648.0 0
3594 1709 0.0 648.0 0
3595 1710 0.0 648.0 0
3596 1711 0.0 648.0 0
3597 1712 0.0 648.0 0
3598 1713 0.0 648.0 3
3599 1714 0.0 648.0 3
3600 1715 0.0 648.0 3
3601 1716 0.0 648.0 0
3602 1717 0.0 648.0 0
3603 1718 0.0 648.0 0
3604 1719 0.0 648.0 0
3605 1720 0.0 648.0 0
3606 1721 0.0 648.0 0
3607 1722 0.0 648.0 0
3608 1723 0.0 648.0 0
3609 1724 0.0 648.0 0
3610 1725 0.0 648.0 0
3611 1726 7.0 655.0 0
3612 1727 0.0 655.0 0
3613 1728 0.0 655.0 0
3614 1729 0.0 655.0 0
3615 1730 4.0 659.0 0
3616 1731 0.0 659.0 0
3617 1732 0.0 659.0 0
3618 1733 0.0 659.0 0
3619 1734 0.0 659.0 0
3620 1735 0.0 659.0 0
3621 1736 7.0 666.0 0
3622 1737 0.0 666.0 0
3623 1738 0.0 666.0 0
3624 1739 0.0 666.0 0
3625 1740 0.0 666.0 0
3626 1741 0.0 666.0 0
3627 1742 4.0 670.0 0
3628 1743 0.0 670.0 0
3629 1744 0.0 670.0 0
3630 1745 0.0 670.0 0
3631 1746 0.0 670.0 0
3632 1747 0.0 670.0 0
3633 1748 4.0 674.0 0
3634 1749 0.0 674.0 0
3635 1750 0.0 674.0 0
3636 1751 0.0 674.0 0
3637 1752 0.0 674.0 0
3638 1753 0.0 674.0 0
3639 1754 4.0 678.0 0
3640 1755 0.0 678.0 0
3641 1756 0.0 678.0 0
3642 1757 0.0 678.0 0
3643 1758 0.0 678.0 0
3644 1759 0.0 678.0 0
3645 1760 0.0 678.0 0
3646 1761 4.0 682.0 0
3647 1762 0.0 682.0 0
3648 1763 0.0 682.0 0
3649 1764 0.0 682.0 0
3650 1765 0.0 682.0 0
3651 1766 0.0 682.0 0
3652 1767 0.0 682.0 0
3653 1768 0.0 682.0 0
3654 1769 0.0 682.0 0
3655 1770 0.0 682.0 0
3656 1771 0.0 682.0 0
3657 1772 0.0 682.0 0
3658 1773 0.0 682.0 0
3659 1774 0.0 682.0 0
3660 1775 0.0 682.0 0
3661 1776 0.0 682.0 0
3662 1777 0.0 682.0 0
3663 1778 0.0 682.0 0
3664 1779 0.0 682.0 0
3665 1780 0.0 682.0 0
3666 1781 0.0 682.0 0
3667 1782 0.0 682.0 0
3668 1783 0.0 682.0 0
3669 1784 0.0 682.0 0
3670 1785 0.0 682.0 0
3671 1786 0.0 682.0 2
3672 1787 0.0 682.0 2
3673 1788 0.0 682.0 0
3674 1789 0.0 682.0 0
3675 1790 4.0 686.0 0
3676 1791 0.0 686.0 0
3677 1792 0.0 686.0 0
3678 1793 0.0 686.0 0
3679 1794 0.0 686.0 0
3680 1795 7.0 693.0 0
3681 1796 0.0 693.0 0
3682 1797 0.0 693.0 0
3683 1798 0.0 693.0 0
3684 1799 0.0 693.0 0
3685 1800 4.0 697.0 0
3686 1801 0.0 697.0 0
3687 1802 0.0 697.0 0
3688 1803 0.0 697.0 0
3689 1804 0.0 697.0 0
3690 1805 7.0 704.0 0
3691 1806 0.0 704.0 0
3692 1807 0.0 704.0 0
3693 1808 0.0 704.0 0
3694 1809 0.0 704.0 0
3695 1810 0.0 704.0 0
3696 1811 0.0 704.0 0
3697 1812 0.0 704.0 3
3698 1813 0.0 704.0 3
3699 1814 0.0 704.0 3
3700 1815 0.0 704.0 0
3701 1816 0.0 704.0 3
3702 1817 0.0 704.0 3
3703 1818 0.0 704.0 0
3704 1819 0.0 704.0 0
3705 1820 0.0 704.0 2
3706 1821 0.0 704.0 2
3707 1822 0.0 704.0 0
3708 1823 0.0 704.0 0
3709 1824 0.0 704.0 0
3710 1825 0.0 704.0 0
3711 1826 0.0 704.0 0
3712 1827 0.0 704.0 0
3713 1828 0.0 704.0 0
3714 1829 0.0 704.0 0
3715 1830 0.0 704.0 0
3716 1831 0.0 704.0 0
3717 1832 0.0 704.0 0
3718 1833 0.0 704.0 0
3719 1834 4.0 708.0 0
3720 1835 0.0 708.0 0
3721 1836 0.0 708.0 0
3722 1837 0.0 708.0 0
3723 1838 0.0 708.0 0
3724 1839 0.0 708.0 0
3725 1840 0.0 708.0 0
3726 1841 0.0 708.0 0
3727 1842 0.0 708.0 0
3728 1843 0.0 708.0 0
3729 1844 0.0 708.0 0
3730 1845 0.0 708.0 0
3731 1846 0.0 708.0 0
3732 1847 0.0 708.0 0
3733 1848 0.0 708.0 0
3734 1849 0.0 708.0 0
3735 1850 0.0 708.0 0
3736 1851 0.0 708.0 0
3737 1852 0.0 708.0 0
3738 1853 0.0 708.0 0
3739 1854 0.0 708.0 0
3740 1855 0.0 708.0 0
3741 1856 0.0 708.0 0
3742 1857 4.0 712.0 0
3743 1858 0.0 712.0 0
3744 1859 0.0 712.0 0
3745 1860 0.0 712.0 0
3746 1861 0.0 712.0 0
