1 1 6.66713780918728 6.66713780918728 0
2 2 -0.3999999999999986 6.267137809187282 0
3 3 -0.3999999999999986 5.867137809187283 0
4 4 -0.3999999999999986 5.467137809187284 0
5 5 -0.3999999999999986 5.067137809187286 3
6 6 -0.3999999999999986 4.667137809187287 3
7 7 3.1335689045936403 7.800706713780928 3
8 8 -0.3999999999999986 7.400706713780929 3
9 9 -0.3999999999999986 7.0007067137809305 3
10 10 3.1335689045936412 10.134275618374572 3
11 11 -0.3999999999999986 9.734275618374573 3
12 12 3.1335689045936412 12.867844522968214 3
13 13 -0.3999999999999986 12.467844522968216 3
14 14 3.1335689045936412 15.601413427561857 3
15 15 -0.3999999999999986 15.201413427561858 3
16 16 3.133568904593636 18.334982332155494 3
17 17 -0.4000000000000057 17.93498233215549 3
18 18 3.133568904593634 21.068551236749123 3
19 19 3.133568904593634 24.202120141342757 3
20 20 3.133568904593634 27.33568904593639 3
21 21 -0.4000000000000057 26.935689045936385 3
22 22 3.133568904593634 30.06925795053002 3
23 23 3.133568904593634 33.202826855123654 3
24 24 3.1335689045936306 36.336395759717284 3
25 25 3.1335689045936306 39.469964664310915 3
26 26 3.1335689045936306 42.603533568904545 3
27 27 3.1335689045936306 45.737102473498176 3
28 28 3.1335689045936306 48.87067137809181 3
29 29 -0.4000000000000057 48.4706713780918 0
30 30 3.1335689045936306 51.60424028268543 2
31 31 6.667137809187267 58.2713780918727 2
32 32 3.1335689045936306 61.40494699646633 2
33 33 3.1335689045936377 64.53851590105997 0
34 34 -0.39999999999997726 64.13851590105999 0
35 35 3.133568904593659 67.27208480565365 0
36 36 3.133568904593659 70.40565371024731 3
37 37 3.133568904593659 73.53922261484097 3
38 38 3.133568904593659 76.67279151943463 3
39 39 3.133568904593659 79.80636042402828 3
40 40 3.133568904593659 82.93992932862194 3
41 41 3.133568904593659 86.0734982332156 3
42 42 3.133568904593659 89.20706713780926 3
43 43 6.667137809187295 95.87420494699656 3
44 44 3.133568904593659 99.00777385159022 3
45 45 3.133568904593659 102.14134275618387 3
46 46 3.133568904593659 105.27491166077753 3
47 47 3.133568904593659 108.40848056537119 3
48 48 3.133568904593659 111.54204946996485 3
49 49 3.133568904593659 114.67561837455851 0
50 50 6.667137809187295 121.3427561837458 1
51 51 3.133568904593659 124.47632508833946 0
52 52 3.133568904593659 127.60989399293312 0
53 53 3.133568904593673 130.7434628975268 0
54 54 3.133568904593659 133.87703180212046 2
55 55 3.133568904593659 137.01060070671411 0
56 56 6.667137809187295 143.6777385159014 0
57 57 3.133568904593659 146.81130742049507 0
58 58 3.133568904593659 149.94487632508873 1
59 59 3.133568904593659 153.0784452296824 0
60 60 3.133568904593659 156.21201413427605 0
61 61 3.133568904593659 159.3455830388697 0
62 62 6.667137809187295 166.012720848057 3
63 63 3.133568904593659 169.14628975265066 3
64 64 3.133568904593659 172.27985865724432 3
65 65 3.133568904593659 175.41342756183798 3
66 66 3.133568904593659 178.54699646643164 3
67 67 6.667137809187295 185.21413427561893 0
68 68 3.133568904593659 188.3477031802126 2
69 69 3.133568904593659 191.48127208480625 2
70 70 3.133568904593659 194.6148409893999 0
71 71 6.667137809187295 201.2819787985872 0
72 72 3.133568904593659 204.41554770318086 0
73 73 3.133568904593659 207.54911660777452 0
74 74 3.133568904593659 210.68268551236818 0
75 75 3.133568904593659 213.81625441696184 1
76 76 6.667137809187295 220.48339222614914 0
77 77 3.133568904593659 223.6169611307428 0
78 78 3.133568904593659 226.75053003533645 2
79 79 3.133568904593659 229.8840989399301 0
80 80 6.667137809187295 236.5512367491174 0
81 81 3.133568904593659 239.68480565371107 0
82 82 3.133568904593659 242.81837455830473 1
83 83 3.133568904593659 245.95194346289838 0
84 84 6.667137809187295 252.61908127208568 0
85 85 6.667137809187295 259.286219081273 2
86 86 3.1335689045935737 262.41978798586655 2
87 87 3.1335689045935737 265.5533568904601 0
88 88 3.1335689045935737 268.6869257950537 0
89 89 3.1335689045935737 271.82049469964727 0
90 90 6.667137809187238 278.4876325088345 3
91 91 3.1335689045935737 281.6212014134281 3
92 92 3.1335689045935737 284.75477031802166 0
93 93 3.1335689045935737 287.88833922261523 1
94 94 3.1335689045935737 291.0219081272088 1
95 95 6.667137809187238 297.68904593639604 0
96 96 3.1335689045935737 300.8226148409896 0
97 97 3.1335689045935737 303.9561837455832 3
98 98 3.1335689045935737 307.08975265017676 0
99 99 3.1335689045935737 310.22332155477034 2
100 100 -0.40000000000009095 309.82332155477025 2
101 101 -0.40000000000009095 309.42332155477015 2
102 102 -0.40000000000009095 309.02332155477006 2
103 103 -0.40000000000009095 308.62332155477 0
104 104 -0.40000000000009095 308.2233215547699 0
105 105 6.667137809187238 314.8904593639571 0
106 106 3.1335689045935737 318.0240282685507 0
107 107 3.1335689045935737 321.15759717314427 1
108 108 3.1335689045935737 324.29116607773784 1
109 109 3.1335689045935737 327.4247349823314 0
110 110 3.1335689045935737 330.558303886925 0
111 111 3.1335689045935737 333.69187279151856 0
112 112 6.667137809187238 340.3590106007058 3
113 113 3.1335689045935737 343.4925795052994 3
114 114 3.1335689045935737 346.62614840989295 3
115 115 3.1335689045935737 349.7597173144865 3
116 116 6.667137809187238 356.42685512367376 3
117 117 3.1335689045935737 359.56042402826733 2
118 118 3.1335689045935737 362.6939929328609 2
119 119 3.1335689045935737 365.8275618374545 0
120 120 3.1335689045935737 368.96113074204806 0
121 121 6.667137809187238 375.6282685512353 0
122 122 3.1335689045935737 378.76183745582887 0
123 123 3.1335689045935737 381.89540636042244 1
124 124 3.1335689045935737 385.028975265016 0
125 125 3.1335689045935737 388.1625441696096 2
126 126 3.1335689045935737 391.29611307420316 2
127 127 3.1335689045935737 394.42968197879674 2
128 128 -0.40000000000009095 394.02968197879665 2
129 129 3.1335689045935737 397.1632508833902 2
130 130 6.667137809187238 403.83038869257746 2
131 131 3.1335689045935737 406.96395759717103 2
132 132 3.1335689045935737 410.0975265017646 0
133 133 3.1335689045935737 413.2310954063582 0
134 134 3.1335689045935737 416.36466431095175 0
135 135 3.1335689045935737 419.4982332155453 0
136 136 3.1335689045935737 422.6318021201389 0
137 137 3.1335689045935737 425.7653710247325 0
138 138 3.1335689045935737 428.89893992932605 0
139 139 3.1335689045935737 432.0325088339196 3
140 140 6.667137809187238 438.69964664310686 3
141 141 3.1335689045935737 441.83321554770043 3
142 142 3.1335689045935737 444.966784452294 3
143 143 3.1335689045935737 448.1003533568876 3
144 144 3.1335689045935737 451.23392226148115 3
145 145 6.667137809187238 457.9010600706684 3
146 146 3.1335689045935737 461.03462897526197 3
147 147 3.1335689045935737 464.16819787985554 3
148 148 3.1335689045935737 467.3017667844491 3
149 149 6.667137809187238 473.96890459363635 0
150 150 6.667137809187238 480.6360424028236 1
151 151 3.1335689045935737 483.76961130741716 1
152 152 6.667137809187238 490.4367491166044 0
153 153 3.1335689045935737 493.570318021198 0
154 154 3.1335689045935737 496.70388692579155 0
155 155 6.667137809187238 503.3710247349788 0
156 156 3.1335689045935737 506.50459363957236 0
157 157 3.1335689045935737 509.63816254416594 2
158 158 6.667137809187182 516.3053003533531 2
159 159 3.133568904593517 519.4388692579466 0
160 160 3.133568904593517 522.5724381625402 0
161 161 3.133568904593517 525.7060070671337 0
162 162 6.667137809187125 532.3731448763208 0
163 163 3.133568904593517 535.5067137809143 3
164 164 3.133568904593517 538.6402826855078 3
165 165 3.133568904593517 541.7738515901013 0
166 166 3.133568904593517 544.9074204946949 2
167 167 6.667137809187125 551.574558303882 0
168 168 3.133568904593517 554.7081272084755 0
169 169 3.133568904593517 557.841696113069 0
170 170 6.667137809187125 564.5088339222561 0
171 171 3.133568904593517 567.6424028268497 0
172 172 3.133568904593517 570.7759717314432 0
173 173 6.667137809187125 577.4431095406303 0
174 174 3.133568904593517 580.5766784452238 1
175 175 3.133568904593517 583.7102473498173 0
176 176 3.133568904593517 586.8438162544109 0
177 177 6.667137809187125 593.510954063598 2
178 178 3.133568904593517 596.6445229681915 0
179 179 3.133568904593517 599.778091872785 0
180 180 3.133568904593517 602.9116607773785 0
181 181 6.667137809187125 609.5787985865657 1
182 182 3.133568904593517 612.7123674911592 0
183 183 3.133568904593517 615.8459363957527 2
184 184 6.667137809187125 622.5130742049398 2
185 185 3.133568904593517 625.6466431095333 2
186 186 3.133568904593517 628.7802120141268 2
187 187 3.133568904593517 631.9137809187204 2
188 188 3.133568904593517 635.0473498233139 2
189 189 3.133568904593517 638.1809187279074 2
190 190 3.133568904593517 641.3144876325009 2
191 191 3.133568904593517 644.4480565370944 2
192 192 3.133568904593517 647.581625441688 0
193 193 3.133568904593517 650.7151943462815 1
194 194 3.133568904593517 653.848763250875 1
195 195 3.133568904593517 656.9823321554685 1
196 196 6.667137809187125 663.6494699646556 1
197 197 3.133568904593517 666.7830388692491 1
198 198 -0.40000000000009095 666.383038869249 1
199 199 3.133568904593517 669.5166077738426 1
200 200 3.133568904593517 672.6501766784361 1
201 201 3.133568904593517 675.7837455830296 1
202 202 3.133568904593517 678.9173144876231 1
203 203 3.133568904593517 682.0508833922166 0
204 204 3.133568904593517 685.1844522968102 0
205 205 3.133568904593517 688.3180212014037 3
206 206 3.133568904593517 691.4515901059972 3
207 207 3.133568904593517 694.5851590105907 0
208 208 3.133568904593517 697.7187279151842 2
209 209 3.133568904593517 700.8522968197777 2
210 210 3.133568904593517 703.9858657243713 0
211 211 3.133568904593517 707.1194346289648 0
212 212 3.133568904593517 710.2530035335583 0
213 213 3.133568904593517 713.3865724381518 3
214 214 3.133568904593517 716.5201413427453 3
215 215 3.133568904593517 719.6537102473388 3
216 216 3.133568904593517 722.7872791519324 3
217 217 3.133568904593517 725.9208480565259 3
218 218 3.133568904593517 729.0544169611194 0
219 219 3.133568904593517 732.1879858657129 1
220 220 3.133568904593517 735.3215547703064 0
221 221 6.667137809187125 741.9886925794935 0
222 222 3.133568904593517 745.1222614840871 0
223 223 3.133568904593517 748.2558303886806 0
224 224 3.133568904593517 751.3893992932741 0
225 225 3.133568904593517 754.5229681978676 0
226 226 3.133568904593517 757.6565371024611 3
227 227 3.133568904593517 760.7901060070546 3
228 228 6.667137809187125 767.4572438162418 3
229 229 3.133568904593517 770.5908127208353 3
230 230 3.133568904593517 773.7243816254288 3
231 231 3.133568904593517 776.8579505300223 3
232 232 6.667137809187125 783.5250883392094 3
233 233 3.133568904593517 786.658657243803 3
234 234 3.133568904593517 789.7922261483965 3
235 235 3.133568904593517 792.92579505299 0
236 236 6.667137809187125 799.5929328621771 2
237 237 6.667137809187125 806.2600706713642 2
238 238 6.667137809187125 812.9272084805514 2
239 239 6.667137809187125 819.5943462897385 2
240 240 3.133568904593517 822.727915194332 2
241 241 3.133568904593517 825.8614840989255 2
242 242 3.133568904593517 828.995053003519 0
243 243 3.133568904593517 832.1286219081126 0
244 244 3.133568904593517 835.2621908127061 0
245 245 6.667137809187125 841.9293286218932 0
246 246 3.133568904593517 845.0628975264867 3
247 247 3.133568904593517 848.1964664310802 3
248 248 3.133568904593517 851.3300353356738 3
249 249 3.133568904593517 854.4636042402673 3
250 250 3.133568904593517 857.5971731448608 3
251 1 6.402721088435375 863.9998942332961 3
252 2 -0.3999999999999986 863.5998942332961 1
253 3 -0.3999999999999986 863.1998942332962 1
254 4 3.0013605442176887 866.2012547775139 0
255 5 -0.3999999999999986 865.8012547775139 0
256 6 -0.3999999999999986 865.4012547775139 0
257 7 -0.3999999999999986 865.001254777514 0
258 8 -0.3999999999999986 864.601254777514 3
259 9 -0.3999999999999986 864.201254777514 3
260 10 3.001360544217688 867.2026153217317 3
261 11 -0.3999999999999986 866.8026153217318 3
262 12 -0.3999999999999986 866.4026153217318 3
263 13 3.001360544217688 869.4039758659495 3
264 14 -0.3999999999999986 869.0039758659495 3
265 15 3.001360544217688 872.0053364101673 3
266 16 -0.3999999999999986 871.6053364101673 3
267 17 3.0013605442176807 874.606696954385 3
268 18 3.0013605442176825 877.6080574986028 3
269 19 -0.4000000000000057 877.2080574986028 3
270 20 3.0013605442176825 880.2094180428205 3
271 21 3.0013605442176825 883.2107785870382 3
272 22 -0.4000000000000057 882.8107785870383 3
273 23 3.0013605442176825 885.812139131256 3
274 24 3.0013605442176825 888.8134996754737 3
275 25 3.001360544217679 891.8148602196915 3
276 26 3.0013605442176825 894.8162207639092 3
277 27 3.0013605442176825 897.8175813081269 3
278 28 -0.4000000000000057 897.417581308127 3
279 29 3.0013605442176825 900.4189418523447 2
280 30 3.0013605442176825 903.4203023965624 2
281 31 3.0013605442176825 906.4216629407802 2
282 32 3.0013605442176825 909.4230234849979 0
283 33 3.0013605442176825 912.4243840292156 0
284 34 3.0013605442176825 915.4257445734333 0
285 35 3.0013605442176825 918.4271051176511 3
286 36 3.0013605442176825 921.4284656618688 3
287 37 3.0013605442176825 924.4298262060865 3
288 38 -0.39999999999997726 924.0298262060866 3
289 39 3.001360544217704 927.0311867503043 3
290 40 3.001360544217704 930.032547294522 3
291 41 3.001360544217704 933.0339078387398 3
292 42 6.402721088435385 939.4366289271752 3
293 43 3.001360544217704 942.4379894713929 3
294 44 3.001360544217704 945.4393500156107 3
295 45 3.001360544217704 948.4407105598284 3
296 46 3.001360544217704 951.4420711040461 3
297 47 3.001360544217704 954.4434316482639 3
298 48 3.001360544217704 957.4447921924816 3
299 49 3.001360544217704 960.4461527366993 3
300 50 6.402721088435385 966.8488738251347 3
301 51 3.001360544217704 969.8502343693524 3
302 52 3.001360544217704 972.8515949135701 3
303 53 3.001360544217704 975.8529554577879 3
304 54 6.402721088435385 982.2556765462232 3
305 55 3.001360544217704 985.2570370904409 3
306 56 3.001360544217718 988.2583976346586 3
307 57 3.001360544217704 991.2597581788764 3
308 58 6.402721088435385 997.6624792673117 3
309 59 3.001360544217704 1000.6638398115294 3
310 60 6.402721088435385 1007.0665608999648 3
311 61 3.001360544217704 1010.0679214441825 3
312 62 3.001360544217704 1013.0692819884002 3
313 63 6.402721088435385 1019.4720030768356 3
314 64 3.001360544217704 1022.4733636210533 3
315 65 6.402721088435385 1028.8760847094886 3
316 66 3.001360544217704 1031.8774452537064 2
317 67 3.001360544217704 1034.878805797924 2
318 68 6.402721088435385 1041.2815268863594 0
319 69 3.001360544217704 1044.2828874305771 0
320 70 3.001360544217704 1047.2842479747949 0
321 71 6.402721088435385 1053.6869690632302 0
322 72 3.001360544217704 1056.688329607448 1
323 73 3.001360544217704 1059.6896901516657 1
324 74 6.402721088435385 1066.092411240101 0
325 75 3.001360544217704 1069.0937717843187 0
326 76 6.402721088435385 1075.496492872754 2
327 77 3.001360544217704 1078.4978534169718 0
328 78 3.001360544217704 1081.4992139611895 0
329 79 6.402721088435385 1087.9019350496249 2
330 80 3.001360544217704 1090.9032955938426 0
331 81 3.001360544217704 1093.9046561380603 0
332 82 6.402721088435385 1100.3073772264956 0
333 83 3.001360544217704 1103.3087377707134 0
334 84 3.001360544217704 1106.310098314931 0
335 85 6.402721088435385 1112.7128194033664 3
336 86 3.0013605442176186 1115.714179947584 3
337 87 6.402721088435328 1122.1169010360193 3
338 88 3.0013605442176186 1125.1182615802368 3
339 89 3.0013605442176186 1128.1196221244545 3
340 90 6.402721088435328 1134.5223432128898 3
341 91 3.0013605442176186 1137.5237037571073 3
342 92 6.402721088435328 1143.9264248455427 3
343 93 3.0013605442176186 1146.9277853897602 3
344 94 6.402721088435328 1153.3305064781955 3
345 95 6.402721088435328 1159.7332275666308 3
346 96 3.0013605442176186 1162.7345881108486 3
347 97 6.402721088435328 1169.137309199284 3
348 98 3.0013605442176186 1172.1386697435014 3
349 99 6.402721088435328 1178.5413908319367 3
350 100 3.0013605442176186 1181.5427513761542 3
351 101 6.402721088435328 1187.9454724645896 3
352 102 6.402721088435328 1194.3481935530249 3
353 103 3.0013605442176186 1197.3495540972426 3
354 104 6.402721088435328 1203.752275185678 3
355 105 6.402721088435328 1210.1549962741133 3
356 106 3.0013605442176186 1213.156356818331 0
357 107 6.402721088435328 1219.5590779067663 0
358 108 9.804081632653038 1229.3631595394195 2
359 109 3.0013605442176186 1232.3645200836372 2
360 110 6.402721088435328 1238.7672411720725 2
361 111 3.0013605442176186 1241.76860171629 2
362 112 6.402721088435328 1248.1713228047254 2
363 113 3.0013605442176186 1251.1726833489429 0
364 114 6.402721088435328 1257.5754044373782 0
365 115 3.0013605442176186 1260.5767649815957 0
366 116 6.402721088435328 1266.979486070031 0
367 117 3.0013605442176186 1269.9808466142485 0
368 118 6.402721088435328 1276.3835677026839 1
369 119 3.0013605442176186 1279.3849282469014 0
370 120 6.402721088435328 1285.7876493353367 0
371 121 3.0013605442176186 1288.7890098795542 0
372 122 6.402721088435328 1295.1917309679895 0
373 123 6.402721088435328 1301.5944520564249 0
374 124 3.0013605442176186 1304.5958126006426 3
375 125 6.402721088435328 1310.998533689078 0
376 126 9.804081632653038 1320.802615321731 2
377 127 3.0013605442176186 1323.8039758659488 2
378 128 3.0013605442176186 1326.8053364101665 2
379 129 3.0013605442176186 1329.8066969543843 2
380 130 3.0013605442176186 1332.808057498602 2
381 131 -0.40000000000009095 1332.408057498602 2
382 132 -0.40000000000009095 1332.0080574986018 2
383 133 -0.40000000000009095 1331.6080574986017 0
384 134 -0.40000000000009095 1331.2080574986016 1
385 135 -0.40000000000009095 1330.8080574986016 1
386 136 -0.40000000000009095 1330.4080574986015 0
387 137 3.0013605442176186 1333.4094180428192 0
388 138 3.0013605442176186 1336.410778587037 1
389 139 6.402721088435328 1342.8134996754723 0
390 140 3.0013605442176186 1345.8148602196898 0
391 141 6.402721088435328 1352.217581308125 1
392 142 6.402721088435328 1358.6203023965604 1
393 143 3.0013605442176186 1361.6216629407782 0
394 144 6.402721088435328 1368.0243840292135 0
395 145 3.0013605442176186 1371.025744573431 0
396 146 6.402721088435328 1377.4284656618663 0
397 147 3.0013605442176186 1380.4298262060838 0
398 148 3.0013605442176186 1383.4311867503015 1
399 149 6.402721088435328 1389.8339078387369 0
400 150 3.0013605442176186 1392.8352683829544 0
401 151 6.402721088435328 1399.2379894713897 0
402 152 3.0013605442176186 1402.2393500156072 0
403 153 6.402721088435328 1408.6420711040425 3
404 154 3.0013605442176186 1411.64343164826 3
405 155 3.0013605442176186 1414.6447921924778 3
406 156 6.402721088435328 1421.047513280913 0
407 157 3.0013605442176186 1424.0488738251306 2
408 158 6.402721088435328 1430.451594913566 0
409 159 3.0013605442176186 1433.4529554577834 0
410 160 6.402721088435328 1439.8556765462188 0
411 161 3.0013605442176186 1442.8570370904363 0
412 162 6.402721088435328 1449.2597581788716 0
413 163 3.0013605442176186 1452.261118723089 2
414 164 3.0013605442176186 1455.2624792673068 2
415 165 6.402721088435328 1461.6652003557422 0
416 166 3.0013605442176186 1464.6665608999597 0
417 167 3.0013605442176186 1467.6679214441774 1
418 168 6.402721088435328 1474.0706425326127 1
419 169 3.0013605442176186 1477.0720030768302 0
420 170 6.402721088435328 1483.4747241652656 0
421 171 3.0013605442176186 1486.476084709483 2
422 172 3.0013605442176186 1489.4774452537008 2
423 173 6.402721088435328 1495.8801663421361 2
424 174 3.0013605442176186 1498.8815268863536 2
425 175 3.0013605442176186 1501.8828874305714 2
426 176 3.0013605442176186 1504.884247974789 0
427 177 3.0013605442176186 1507.8856085190068 0
428 178 6.402721088435328 1514.2883296074422 0
429 179 3.0013605442176186 1517.2896901516597 3
430 180 3.0013605442176186 1520.2910506958774 3
431 181 6.402721088435328 1526.6937717843127 3
432 182 3.0013605442176186 1529.6951323285302 3
433 183 6.402721088435328 1536.0978534169656 3
434 184 3.0013605442176186 1539.099213961183 3
435 185 3.0013605442176186 1542.1005745054008 3
436 186 6.402721088435328 1548.5032955938361 3
437 187 3.0013605442176186 1551.5046561380536 3
438 188 6.402721088435328 1557.907377226489 3
439 189 3.0013605442176186 1560.9087377707065 3
440 190 6.402721088435328 1567.3114588591418 3
441 191 3.0013605442176186 1570.3128194033593 3
442 192 6.402721088435328 1576.7155404917946 3
443 193 3.0013605442176186 1579.7169010360121 1
444 194 6.402721088435328 1586.1196221244475 1
445 195 3.0013605442176186 1589.120982668665 1
446 196 3.0013605442176186 1592.1223432128827 1
447 197 3.0013605442176186 1595.1237037571004 1
448 198 6.402721088435328 1601.5264248455358 0
449 199 3.0013605442176186 1604.5277853897533 0
450 200 6.402721088435328 1610.9305064781886 0
451 201 3.0013605442176186 1613.931867022406 2
452 202 3.0013605442176186 1616.9332275666238 2
453 203 6.402721088435328 1623.3359486550592 0
454 204 3.0013605442176186 1626.3373091992767 0
455 205 3.0013605442176186 1629.3386697434944 0
456 206 6.402721088435328 1635.7413908319297 1
457 207 3.0013605442176186 1638.7427513761472 1
458 208 6.402721088435328 1645.1454724645826 0
459 209 3.0013605442176186 1648.1468330088 0
460 210 3.0013605442176186 1651.1481935530178 0
461 211 6.402721088435328 1657.5509146414531 0
462 212 3.0013605442176186 1660.5522751856706 2
463 213 3.0013605442176186 1663.5536357298884 2
464 214 3.0013605442176186 1666.554996274106 2
465 215 6.402721088435328 1672.9577173625414 2
466 216 3.0013605442176186 1675.959077906759 0
467 217 3.0013605442176186 1678.9604384509767 0
468 218 3.0013605442176186 1681.9617989951944 0
469 219 6.402721088435328 1688.3645200836297 2
470 220 6.402721088435328 1694.767241172065 2
471 221 6.402721088435328 1701.1699622605004 2
472 222 3.0013605442176186 1704.1713228047179 0
473 223 3.0013605442176186 1707.1726833489356 0
474 224 6.402721088435328 1713.575404437371 0
475 225 3.0013605442176186 1716.5767649815884 0
476 226 3.0013605442176186 1719.5781255258062 0
477 227 3.0013605442176186 1722.579486070024 3
478 228 6.402721088435328 1728.9822071584592 3
479 229 3.0013605442176186 1731.9835677026767 3
480 230 3.0013605442176186 1734.9849282468945 3
481 231 -0.40000000000009095 1734.5849282468944 3
482 232 -0.40000000000009095 1734.1849282468943 3
483 233 -0.40000000000009095 1733.7849282468942 3
484 234 -0.40000000000009095 1733.384928246894 0
485 235 -0.40000000000009095 1732.984928246894 0
486 236 -0.40000000000009095 1732.584928246894 0
487 237 -0.40000000000009095 1732.1849282468938 0
488 238 -0.40000000000009095 1731.7849282468937 0
489 239 -0.40000000000009095 1731.3849282468937 0
490 240 -0.40000000000009095 1730.9849282468936 0
491 241 -0.40000000000009095 1730.5849282468935 0
492 242 -0.40000000000009095 1730.1849282468934 0
493 243 -0.40000000000009095 1729.7849282468933 0
494 244 -0.40000000000009095 1729.3849282468932 0
495 245 -0.40000000000009095 1728.984928246893 0
496 246 -0.40000000000009095 1728.584928246893 0
497 247 -0.40000000000009095 1728.184928246893 0
498 248 -0.40000000000009095 1727.7849282468928 0
