1 1 7.292307692307694 7.292307692307694 0
2 2 -0.3999999999999986 6.892307692307695 0
3 3 -0.3999999999999986 6.492307692307697 0
4 4 -0.3999999999999986 6.092307692307698 0
5 5 -0.3999999999999986 5.6923076923077 3
6 6 -0.3999999999999986 5.292307692307701 3
7 7 3.4461538461538472 8.738461538461548 3
8 8 -0.3999999999999986 8.33846153846155 3
9 9 -0.3999999999999986 7.938461538461551 3
10 10 3.446153846153848 11.3846153846154 3
11 11 -0.3999999999999986 10.9846153846154 3
12 12 3.446153846153848 14.430769230769249 3
13 13 -0.3999999999999986 14.03076923076925 3
14 14 3.4461538461538463 17.476923076923097 3
15 15 -0.4000000000000057 17.07692307692309 3
16 16 3.446153846153841 20.523076923076932 3
17 17 -0.4000000000000057 20.123076923076926 3
18 18 3.446153846153841 23.569230769230767 3
19 19 3.446153846153841 27.01538461538461 3
20 20 3.446153846153841 30.46153846153845 3
21 21 -0.4000000000000057 30.061538461538444 3
22 22 3.4461538461538375 33.50769230769228 3
23 23 3.446153846153841 36.95384615384612 3
24 24 3.446153846153841 40.39999999999996 3
25 25 3.446153846153841 43.846153846153804 3
26 26 3.446153846153841 47.292307692307645 3
27 27 3.446153846153841 50.738461538461486 3
28 28 -0.4000000000000057 50.33846153846148 0
29 29 3.446153846153841 53.78461538461532 2
30 30 7.292307692307688 61.07692307692301 2
31 31 3.446153846153848 64.52307692307686 2
32 32 3.4461538461538623 67.96923076923072 0
33 33 -0.39999999999997726 67.56923076923074 0
34 34 3.4461538461538623 71.0153846153846 0
35 35 3.4461538461538623 74.46153846153847 3
36 36 3.4461538461538623 77.90769230769233 3
37 37 3.4461538461538623 81.35384615384619 3
38 38 3.4461538461538623 84.80000000000005 3
39 39 3.4461538461538623 88.24615384615392 3
40 40 3.4461538461538623 91.69230769230778 3
41 41 3.4461538461538623 95.13846153846164 3
42 42 3.4461538461538623 98.5846153846155 3
43 43 3.4461538461538623 102.03076923076937 3
44 44 7.292307692307702 109.32307692307707 3
45 45 3.4461538461538623 112.76923076923093 3
46 46 3.4461538461538623 116.21538461538479 3
47 47 3.4461538461538623 119.66153846153865 3
48 48 3.4461538461538623 123.10769230769252 3
49 49 3.4461538461538623 126.55384615384638 3
50 50 7.292307692307716 133.8461538461541 3
51 51 3.4461538461538623 137.29230769230796 3
52 52 3.4461538461538623 140.73846153846182 3
53 53 3.4461538461538623 144.18461538461568 3
54 54 7.292307692307702 151.47692307692338 3
55 55 3.4461538461538623 154.92307692307725 3
56 56 3.4461538461538623 158.3692307692311 3
57 57 7.292307692307702 165.6615384615388 3
58 58 3.4461538461538623 169.10769230769267 3
59 59 3.4461538461538623 172.55384615384654 3
60 60 7.292307692307702 179.84615384615424 3
61 61 3.4461538461538623 183.2923076923081 3
62 62 3.4461538461538623 186.73846153846196 3
63 63 7.292307692307702 194.03076923076966 3
64 64 3.4461538461538623 197.47692307692353 3
65 65 7.292307692307702 204.76923076923123 0
66 66 3.4461538461538623 208.2153846153851 0
67 67 7.292307692307702 215.5076923076928 0
68 68 3.4461538461538623 218.95384615384665 0
69 69 7.292307692307702 226.24615384615436 2
70 70 7.292307692307702 233.53846153846206 2
71 71 7.292307692307702 240.83076923076976 2
72 72 3.4461538461538623 244.27692307692362 0
73 73 3.4461538461538623 247.72307692307749 0
74 74 7.292307692307702 255.0153846153852 0
75 75 3.446153846153777 258.46153846153896 0
76 76 7.292307692307645 265.7538461538466 0
77 77 3.446153846153777 269.2000000000004 0
78 78 7.292307692307645 276.49230769230803 3
79 79 3.446153846153777 279.9384615384618 3
80 80 3.446153846153777 283.3846153846156 0
81 81 7.292307692307645 290.67692307692323 0
82 82 3.446153846153777 294.123076923077 1
83 83 7.292307692307645 301.41538461538465 0
84 84 3.446153846153777 304.86153846153843 0
85 85 7.292307692307645 312.1538461538461 0
86 86 3.446153846153777 315.59999999999985 0
87 87 3.446153846153777 319.04615384615363 0
88 88 7.292307692307645 326.3384615384613 0
89 89 3.446153846153777 329.78461538461505 0
90 90 7.292307692307645 337.0769230769227 0
91 91 3.446153846153777 340.5230769230765 0
92 92 3.446153846153777 343.96923076923025 0
93 93 7.292307692307645 351.2615384615379 3
94 94 3.446153846153777 354.7076923076917 3
95 95 7.292307692307645 361.9999999999993 3
96 96 3.446153846153777 365.4461538461531 3
97 97 7.292307692307645 372.73846153846074 0
98 98 3.446153846153777 376.1846153846145 0
99 99 7.292307692307645 383.47692307692216 0
100 100 3.446153846153777 386.92307692307594 0
101 101 7.292307692307645 394.2153846153836 0
102 102 3.446153846153777 397.66153846153736 0
103 103 7.292307692307645 404.953846153845 2
104 104 3.446153846153777 408.3999999999988 0
105 105 7.292307692307645 415.69230769230643 0
106 106 7.292307692307645 422.9846153846141 0
107 107 3.446153846153777 426.43076923076785 0
108 108 7.292307692307645 433.7230769230755 0
109 109 3.446153846153777 437.1692307692293 2
110 110 3.446153846153777 440.61538461538305 2
111 111 7.292307692307645 447.9076923076907 2
112 112 3.446153846153777 451.3538461538445 0
113 113 3.446153846153777 454.79999999999825 0
114 114 7.292307692307645 462.0923076923059 0
115 115 3.446153846153777 465.53846153845967 0
116 116 7.292307692307645 472.8307692307673 0
117 117 3.446153846153777 476.2769230769211 0
118 118 3.446153846153777 479.72307692307487 2
119 119 7.292307692307645 487.0153846153825 0
120 120 3.446153846153777 490.4615384615363 0
121 121 7.292307692307645 497.75384615384394 0
122 122 3.446153846153777 501.1999999999977 0
123 123 7.292307692307645 508.49230769230536 0
124 124 3.446153846153777 511.93846153845914 0
125 125 3.4461538461537202 515.3846153846129 0
126 126 7.292307692307531 522.6769230769204 0
127 127 7.292307692307531 529.9692307692279 0
128 128 3.4461538461537202 533.4153846153816 0
129 129 3.4461538461537202 536.8615384615354 2
130 130 7.292307692307531 544.1538461538429 0
131 131 3.4461538461537202 547.5999999999966 0
132 132 3.4461538461537202 551.0461538461503 2
133 133 7.292307692307531 558.3384615384579 2
134 134 3.4461538461537202 561.7846153846116 0
135 135 3.4461538461537202 565.2307692307653 0
136 136 7.292307692307531 572.5230769230728 0
137 137 3.4461538461537202 575.9692307692266 0
138 138 3.4461538461537202 579.4153846153803 0
139 139 7.292307692307531 586.7076923076878 1
140 140 3.4461538461537202 590.1538461538415 0
141 141 3.4461538461537202 593.5999999999952 0
142 142 7.292307692307531 600.8923076923028 0
143 143 3.4461538461537202 604.3384615384565 0
144 144 3.4461538461537202 607.7846153846102 0
145 145 7.292307692307531 615.0769230769178 0
146 146 3.4461538461537202 618.5230769230715 0
147 147 7.292307692307531 625.815384615379 0
148 148 3.4461538461537202 629.2615384615327 0
149 149 7.292307692307531 636.5538461538403 0
150 150 7.292307692307531 643.8461538461478 0
151 151 3.4461538461537202 647.2923076923015 2
152 152 3.4461538461537202 650.7384615384552 0
153 153 7.292307692307531 658.0307692307628 0
154 154 3.4461538461537202 661.4769230769165 2
155 155 3.4461538461537202 664.9230769230702 2
156 156 3.4461538461537202 668.3692307692239 0
157 157 7.292307692307531 675.6615384615314 0
158 158 3.4461538461537202 679.1076923076852 0
159 159 3.4461538461537202 682.5538461538389 0
160 160 7.292307692307531 689.8461538461464 3
161 161 3.4461538461537202 693.2923076923001 3
162 162 7.292307692307531 700.5846153846077 3
163 163 3.4461538461537202 704.0307692307614 1
164 164 3.4461538461537202 707.4769230769151 1
165 165 7.292307692307531 714.7692307692226 1
166 166 3.4461538461537202 718.2153846153764 0
167 167 3.4461538461537202 721.6615384615301 0
168 168 7.292307692307531 728.9538461538376 0
169 169 3.4461538461537202 732.3999999999913 2
170 170 7.292307692307531 739.6923076922989 0
171 171 3.4461538461537202 743.1384615384526 0
172 172 3.4461538461537202 746.5846153846063 0
173 173 3.4461538461537202 750.03076923076 0
174 174 7.292307692307531 757.3230769230676 1
175 175 3.4461538461537202 760.7692307692213 0
176 176 3.4461538461537202 764.215384615375 0
177 177 7.292307692307531 771.5076923076825 3
178 178 3.4461538461537202 774.9538461538363 3
179 179 7.292307692307531 782.2461538461438 3
180 180 3.4461538461537202 785.6923076922975 3
181 181 3.4461538461537202 789.1384615384512 3
182 182 7.292307692307531 796.4307692307588 3
183 183 3.4461538461537202 799.8769230769125 3
184 184 7.292307692307531 807.16923076922 3
185 185 3.4461538461537202 810.6153846153737 3
186 186 7.292307692307531 817.9076923076813 3
187 187 3.4461538461537202 821.353846153835 3
188 188 7.292307692307531 828.6461538461425 0
189 189 3.4461538461537202 832.0923076922962 0
190 190 7.292307692307531 839.3846153846038 0
191 191 3.4461538461537202 842.8307692307575 0
192 192 7.292307692307531 850.123076923065 2
193 193 3.4461538461537202 853.5692307692187 2
194 194 3.4461538461537202 857.0153846153725 2
195 195 3.4461538461537202 860.4615384615262 2
196 196 3.4461538461537202 863.9076923076799 2
197 197 3.4461538461537202 867.3538461538336 2
198 198 3.4461538461537202 870.7999999999873 2
199 199 3.4461538461537202 874.246153846141 0
200 200 3.4461538461537202 877.6923076922948 0
201 201 7.292307692307531 884.9846153846023 0
202 202 3.4461538461537202 888.430769230756 1
203 203 3.4461538461537202 891.8769230769097 1
204 204 7.292307692307531 899.1692307692173 0
205 205 3.4461538461537202 902.615384615371 0
206 206 -0.40000000000009095 902.2153846153709 2
207 207 -0.40000000000009095 901.8153846153708 2
208 208 -0.40000000000009095 901.4153846153707 2
209 209 -0.40000000000009095 901.0153846153706 2
210 210 -0.40000000000009095 900.6153846153705 2
211 211 -0.40000000000009095 900.2153846153705 2
212 212 -0.40000000000009095 899.8153846153704 0
213 213 -0.40000000000009095 899.4153846153703 0
214 214 -0.40000000000009095 899.0153846153702 0
215 215 -0.40000000000009095 898.6153846153701 1
216 216 -0.40000000000009095 898.21538461537 1
217 217 -0.40000000000009095 897.8153846153699 0
218 218 -0.40000000000009095 897.4153846153698 0
219 219 -0.40000000000009095 897.0153846153697 0
220 220 -0.40000000000009095 896.6153846153696 0
221 221 -0.40000000000009095 896.2153846153695 0
222 222 -0.40000000000009095 895.8153846153695 0
223 223 -0.40000000000009095 895.4153846153694 0
224 224 -0.40000000000009095 895.0153846153693 2
225 225 -0.40000000000009095 894.6153846153692 2
226 226 -0.40000000000009095 894.2153846153691 2
227 227 -0.40000000000009095 893.815384615369 0
228 228 -0.40000000000009095 893.4153846153689 0
229 229 -0.40000000000009095 893.0153846153688 0
230 230 -0.40000000000009095 892.6153846153687 0
231 231 -0.40000000000009095 892.2153846153686 0
232 232 -0.40000000000009095 891.8153846153685 0
233 233 -0.40000000000009095 891.4153846153685 0
234 234 -0.40000000000009095 891.0153846153684 0
235 235 -0.40000000000009095 890.6153846153683 0
236 236 -0.40000000000009095 890.2153846153682 0
237 237 -0.40000000000009095 889.8153846153681 0
238 238 -0.40000000000009095 889.415384615368 0
239 239 -0.40000000000009095 889.0153846153679 0
240 240 -0.40000000000009095 888.6153846153678 0
241 241 -0.40000000000009095 888.2153846153677 0
242 242 -0.40000000000009095 887.8153846153676 0
243 243 -0.40000000000009095 887.4153846153675 0
244 244 -0.40000000000009095 887.0153846153675 0
245 245 -0.40000000000009095 886.6153846153674 0
246 246 -0.40000000000009095 886.2153846153673 0
247 247 -0.40000000000009095 885.8153846153672 0
248 248 -0.40000000000009095 885.4153846153671 0
249 249 -0.40000000000009095 885.015384615367 0
250 250 -0.40000000000009095 884.6153846153669 0
251 1 5.989776357827478 890.6051609731944 0
252 2 -0.3999999999999986 890.2051609731944 0
253 3 -0.3999999999999986 889.8051609731945 3
254 4 -0.3999999999999986 889.4051609731945 3
255 5 2.79488817891374 892.2000491521082 3
256 6 -0.3999999999999986 891.8000491521083 3
257 7 -0.3999999999999986 891.4000491521083 3
258 8 2.794888178913739 894.1949373310221 3
259 9 -0.3999999999999986 893.7949373310221 3
260 10 2.794888178913739 896.5898255099358 3
261 11 -0.3999999999999986 896.1898255099359 3
262 12 2.794888178913739 898.9847136888496 3
263 13 -0.3999999999999986 898.5847136888497 3
264 14 2.7948881789137356 901.3796018677634 3
265 15 -0.4000000000000057 900.9796018677634 3
266 16 2.794888178913734 903.7744900466772 3
267 17 2.794888178913734 906.569378225591 3
268 18 2.794888178913734 909.3642664045047 3
269 19 -0.4000000000000057 908.9642664045048 3
270 20 2.794888178913734 911.7591545834185 3
271 21 2.794888178913734 914.5540427623323 3
272 22 2.7948881789137303 917.3489309412461 3
273 23 2.7948881789137303 920.1438191201598 3
274 24 2.7948881789137303 922.9387072990736 3
275 25 2.7948881789137303 925.7335954779874 0
276 26 -0.4000000000000057 925.3335954779874 2
277 27 2.7948881789137303 928.1284836569012 2
278 28 2.7948881789137303 930.9233718358149 2
279 29 5.989776357827466 936.9131481936424 0
280 30 2.7948881789137303 939.7080363725562 0
281 31 2.7948881789137303 942.50292455147 0
282 32 2.7948881789137303 945.2978127303837 3
283 33 2.7948881789137303 948.0927009092975 3
284 34 2.7948881789137374 950.8875890882113 3
285 35 2.794888178913766 953.682477267125 3
286 36 2.794888178913766 956.4773654460388 3
287 37 2.794888178913766 959.2722536249526 3
288 38 2.794888178913766 962.0671418038663 3
289 39 2.794888178913766 964.8620299827801 3
290 40 2.794888178913766 967.6569181616939 3
291 41 2.794888178913766 970.4518063406076 3
292 42 2.794888178913766 973.2466945195214 3
293 43 2.794888178913766 976.0415826984351 3
294 44 2.794888178913766 978.8364708773489 3
295 45 2.794888178913766 981.6313590562627 3
296 46 5.989776357827509 987.6211354140902 3
297 47 2.794888178913766 990.416023593004 3
298 48 2.794888178913766 993.2109117719177 3
299 49 2.794888178913766 996.0057999508315 3
300 50 2.794888178913766 998.8006881297453 3
301 51 5.989776357827509 1004.7904644875728 3
302 52 2.794888178913766 1007.5853526664865 3
303 53 2.794888178913766 1010.3802408454003 3
304 54 5.989776357827495 1016.3700172032278 3
305 55 2.794888178913766 1019.1649053821416 3
306 56 2.794888178913766 1021.9597935610553 3
307 57 5.989776357827509 1027.9495699188828 3
308 58 2.794888178913766 1030.7444580977967 3
309 59 2.794888178913766 1033.5393462767106 3
310 60 5.989776357827509 1039.529122634538 3
311 61 2.794888178913766 1042.3240108134519 3
312 62 5.989776357827509 1048.3137871712793 3
313 63 2.794888178913766 1051.1086753501932 3
314 64 5.989776357827509 1057.0984517080205 3
315 65 2.794888178913766 1059.8933398869344 3
316 66 5.989776357827509 1065.8831162447618 3
317 67 2.794888178913766 1068.6780044236757 0
318 68 5.989776357827509 1074.667780781503 2
319 69 2.794888178913766 1077.462668960417 2
320 70 2.794888178913766 1080.2575571393309 2
321 71 5.989776357827509 1086.2473334971583 0
322 72 2.794888178913766 1089.0422216760721 0
323 73 5.989776357827509 1095.0319980338995 0
324 74 2.794888178913766 1097.8268862128134 2
325 75 5.989776357827509 1103.8166625706408 0
326 76 2.794888178913766 1106.6115507495547 0
327 77 5.989776357827509 1112.601327107382 0
328 78 2.794888178913766 1115.396215286296 0
329 79 2.794888178913766 1118.1911034652098 1
330 80 5.989776357827509 1124.1808798230372 0
331 81 2.794888178913766 1126.975768001951 0
332 82 5.989776357827509 1132.9655443597785 0
333 83 2.794888178913766 1135.7604325386924 0
334 84 5.989776357827452 1141.7502088965198 1
335 85 2.794888178913652 1144.5450970754334 1
336 86 2.794888178913652 1147.339985254347 0
337 87 5.989776357827395 1153.3297616121745 0
338 88 2.794888178913652 1156.1246497910881 0
339 89 2.794888178913652 1158.9195379700018 1
340 90 5.989776357827395 1164.9093143278292 0
341 91 2.794888178913652 1167.7042025067428 0
342 92 2.794888178913652 1170.4990906856565 0
343 93 5.989776357827395 1176.4888670434839 0
344 94 2.794888178913652 1179.2837552223975 0
345 95 5.989776357827395 1185.273531580225 1
346 96 2.794888178913652 1188.0684197591386 0
347 97 2.794888178913652 1190.8633079380522 0
348 98 5.989776357827395 1196.8530842958796 0
349 99 2.794888178913652 1199.6479724747933 0
350 100 5.989776357827395 1205.6377488326207 2
351 101 2.794888178913652 1208.4326370115343 2
352 102 2.794888178913652 1211.227525190448 2
353 103 9.184664536741138 1220.4121897271891 2
354 104 2.794888178913652 1223.2070779061028 2
355 105 5.989776357827395 1229.1968542639302 2
356 106 2.794888178913652 1231.9917424428438 0
357 107 5.989776357827395 1237.9815188006712 0
358 108 2.794888178913652 1240.7764069795849 3
359 109 2.794888178913652 1243.5712951584985 3
360 110 5.989776357827395 1249.561071516326 3
361 111 2.794888178913652 1252.3559596952396 3
362 112 2.794888178913652 1255.1508478741532 0
363 113 5.989776357827395 1261.1406242319806 1
364 114 2.794888178913652 1263.9355124108943 0
365 115 2.794888178913652 1266.730400589808 0
366 116 5.989776357827395 1272.7201769476353 0
367 117 2.794888178913652 1275.515065126549 0
368 118 2.794888178913652 1278.3099533054626 0
369 119 5.989776357827395 1284.29972966329 0
370 120 2.794888178913652 1287.0946178422037 0
371 121 5.989776357827395 1293.084394200031 0
372 122 2.794888178913652 1295.8792823789447 0
373 123 5.989776357827395 1301.869058736772 0
374 124 2.794888178913652 1304.6639469156858 2
375 125 2.794888178913652 1307.4588350945994 2
376 126 5.989776357827395 1313.4486114524268 0
377 127 2.794888178913652 1316.2434996313405 0
378 128 2.794888178913652 1319.038387810254 0
379 129 5.989776357827395 1325.0281641680815 0
380 130 2.794888178913652 1327.8230523469952 0
381 131 2.794888178913652 1330.6179405259088 0
382 132 5.989776357827395 1336.6077168837362 0
383 133 2.794888178913652 1339.4026050626499 0
384 134 5.989776357827395 1345.3923814204772 2
385 135 5.989776357827395 1351.3821577783046 2
386 136 2.794888178913652 1354.1770459572183 0
387 137 2.794888178913652 1356.971934136132 0
388 138 5.989776357827395 1362.9617104939593 0
389 139 2.794888178913652 1365.756598672873 1
390 140 2.794888178913652 1368.5514868517866 1
391 141 2.794888178913652 1371.3463750307003 1
392 142 5.989776357827395 1377.3361513885277 0
393 143 2.794888178913652 1380.1310395674413 0
394 144 2.794888178913652 1382.925927746355 2
395 145 2.794888178913652 1385.7208159252687 2
396 146 2.794888178913652 1388.5157041041823 2
397 147 2.794888178913652 1391.310592283096 0
398 148 5.989776357827338 1397.3003686409234 0
399 149 2.794888178913652 1400.095256819837 0
400 150 2.794888178913652 1402.8901449987507 1
401 151 2.794888178913652 1405.6850331776643 0
402 152 2.794888178913652 1408.479921356578 0
403 153 5.989776357827395 1414.4696977144054 0
404 154 2.794888178913652 1417.264585893319 0
405 155 2.794888178913652 1420.0594740722327 0
406 156 2.794888178913652 1422.8543622511463 0
407 157 5.989776357827395 1428.8441386089737 0
408 158 2.794888178913652 1431.6390267878874 0
409 159 2.794888178913652 1434.433914966801 0
410 160 2.794888178913652 1437.2288031457147 0
411 161 2.794888178913652 1440.0236913246283 0
412 162 5.989776357827395 1446.0134676824557 0
413 163 5.989776357827395 1452.003244040283 0
414 164 5.989776357827395 1457.9930203981105 2
415 165 2.794888178913652 1460.7879085770242 2
416 166 2.794888178913652 1463.5827967559378 2
417 167 2.794888178913652 1466.3776849348515 2
418 168 2.794888178913652 1469.172573113765 0
419 169 5.989776357827395 1475.1623494715925 0
420 170 2.794888178913652 1477.9572376505062 0
421 171 2.794888178913652 1480.7521258294198 3
422 172 2.794888178913652 1483.5470140083335 3
423 173 2.794888178913652 1486.3419021872471 3
424 174 5.989776357827395 1492.3316785450745 3
425 175 2.794888178913652 1495.1265667239882 3
426 176 2.794888178913652 1497.9214549029018 0
427 177 5.989776357827395 1503.9112312607292 2
428 178 2.794888178913652 1506.7061194396429 2
429 179 2.794888178913652 1509.5010076185565 0
430 180 2.794888178913652 1512.2958957974702 0
431 181 2.794888178913652 1515.0907839763838 0
432 182 5.989776357827395 1521.0805603342112 0
433 183 2.794888178913652 1523.8754485131249 1
434 184 2.794888178913652 1526.6703366920385 0
435 185 2.794888178913652 1529.4652248709522 0
436 186 2.794888178913652 1532.2601130498658 0
437 187 5.989776357827395 1538.2498894076932 0
438 188 2.794888178913652 1541.0447775866069 0
439 189 2.794888178913652 1543.8396657655205 0
440 190 2.794888178913652 1546.6345539444342 0
441 191 5.989776357827395 1552.6243303022616 0
442 192 2.794888178913652 1555.4192184811752 1
443 193 2.794888178913652 1558.2141066600889 0
444 194 2.794888178913652 1561.0089948390025 0
445 195 5.989776357827395 1566.99877119683 0
446 196 2.794888178913652 1569.7936593757436 0
447 197 2.794888178913652 1572.5885475546572 1
448 198 2.794888178913652 1575.3834357335709 1
449 199 2.794888178913652 1578.1783239124845 1
450 200 2.794888178913652 1580.9732120913982 1
451 201 2.794888178913652 1583.7681002703118 0
452 202 2.794888178913652 1586.5629884492255 0
453 203 2.794888178913652 1589.3578766281391 0
454 204 2.794888178913652 1592.1527648070528 3
455 205 5.989776357827395 1598.1425411648802 3
456 206 2.794888178913652 1600.9374293437938 3
457 207 2.794888178913652 1603.7323175227075 0
458 208 2.794888178913652 1606.5272057016211 0
459 209 2.794888178913652 1609.3220938805348 2
460 210 5.989776357827395 1615.3118702383622 0
461 211 2.794888178913652 1618.1067584172758 0
462 212 2.794888178913652 1620.9016465961895 0
463 213 2.794888178913652 1623.6965347751031 3
464 214 5.989776357827395 1629.6863111329305 3
465 215 2.794888178913652 1632.4811993118442 3
466 216 2.794888178913652 1635.2760874907578 3
467 217 2.794888178913652 1638.0709756696715 3
468 218 5.989776357827395 1644.060752027499 3
469 219 2.794888178913652 1646.8556402064125 3
470 220 2.794888178913652 1649.6505283853262 3
471 221 5.989776357827395 1655.6403047431536 3
472 222 2.794888178913652 1658.4351929220672 3
473 223 2.794888178913652 1661.230081100981 3
474 224 5.989776357827395 1667.2198574588083 3
475 225 2.794888178913652 1670.014745637722 3
476 226 5.989776357827395 1676.0045219955493 3
477 227 2.794888178913652 1678.799410174463 3
478 228 5.989776357827395 1684.7891865322904 0
479 229 2.794888178913652 1687.584074711204 0
480 230 5.989776357827395 1693.5738510690314 0
481 231 2.794888178913652 1696.368739247945 0
482 232 5.989776357827395 1702.3585156057725 0
483 233 2.794888178913652 1705.1534037846861 0
484 234 2.794888178913652 1707.9482919635998 1
485 235 5.989776357827395 1713.9380683214272 0
486 236 2.794888178913652 1716.7329565003408 0
487 237 5.989776357827395 1722.7227328581682 0
488 238 2.794888178913652 1725.5176210370819 2
489 239 5.989776357827395 1731.5073973949093 2
490 240 5.989776357827395 1737.4971737527367 2
491 241 2.794888178913652 1740.2920619316503 2
492 242 2.794888178913652 1743.086950110564 2
493 243 2.794888178913652 1745.8818382894776 2
494 244 2.794888178913652 1748.6767264683913 2
495 245 2.794888178913652 1751.471614647305 0
496 246 -0.40000000000009095 1751.0716146473048 0
497 247 -0.40000000000009095 1750.6716146473048 0
498 248 -0.40000000000009095 1750.2716146473047 0
499 249 5.989776357827395 1756.261391005132 1
500 250 5.989776357827395 1762.2511673629594 0
501 1 6.135947712418302 1768.3871150753778 2
502 2 -0.3999999999999986 1767.9871150753777 2
503 3 -0.3999999999999986 1767.5871150753776 0
504 4 -0.3999999999999986 1767.1871150753775 0
505 5 -0.3999999999999986 1766.7871150753774 0
506 6 -0.3999999999999986 1766.3871150753773 0
